DATASET = ORTEC Early VeRoLog 2019 - easy
NAME = Instance 2 easy

DAYS = 25
TRUCK_CAPACITY = 18
TRUCK_MAX_DISTANCE = 1410

TRUCK_DISTANCE_COST = 100000
TRUCK_DAY_COST = 1000
TRUCK_COST = 100
TECHNICIAN_DISTANCE_COST = 100
TECHNICIAN_DAY_COST = 10000
TECHNICIAN_COST = 100

MACHINES = 4
	1	8	170
	2	3	540
	3	8	440
	4	3	235

LOCATIONS = 111
	1	710	436
	2	326	479
	3	652	451
	4	262	329
	5	220	407
	6	596	347
	7	309	420
	8	473	465
	9	563	152
	10	395	379
	11	489	307
	12	241	343
	13	421	417
	14	521	285
	15	266	546
	16	645	346
	17	250	337
	18	396	413
	19	371	443
	20	433	173
	21	393	390
	22	355	747
	23	565	341
	24	731	594
	25	234	359
	26	211	364
	27	575	517
	28	317	489
	29	286	452
	30	482	353
	31	579	173
	32	687	385
	33	432	174
	34	465	462
	35	639	575
	36	392	386
	37	219	308
	38	313	251
	39	496	735
	40	593	651
	41	545	224
	42	607	653
	43	650	453
	44	388	406
	45	268	511
	46	214	374
	47	731	751
	48	518	315
	49	348	437
	50	313	477
	51	187	383
	52	445	197
	53	317	451
	54	576	666
	55	107	215
	56	422	323
	57	413	303
	58	686	693
	59	534	258
	60	288	642
	61	295	311
	62	540	273
	63	624	482
	64	267	523
	65	666	720
	66	548	40
	67	423	411
	68	611	349
	69	517	279
	70	301	420
	71	303	562
	72	191	214
	73	381	408
	74	436	327
	75	261	466
	76	431	331
	77	743	594
	78	588	564
	79	335	454
	80	314	487
	81	436	205
	82	174	360
	83	49	211
	84	548	120
	85	358	556
	86	397	418
	87	295	631
	88	533	367
	89	484	171
	90	194	334
	91	476	208
	92	203	389
	93	204	337
	94	313	458
	95	302	496
	96	219	369
	97	330	283
	98	164	368
	99	232	383
	100	579	391
	101	187	388
	102	425	253
	103	331	258
	104	175	370
	105	156	345
	106	326	469
	107	511	550
	108	398	259
	109	723	447
	110	316	463
	111	310	260

REQUESTS = 300
	1	6	1	3	3	1
	2	84	1	2	4	1
	3	23	1	2	4	1
	4	80	1	4	1	1
	5	75	1	5	1	1
	6	15	1	3	2	2
	7	4	1	5	3	1
	8	82	1	5	4	2
	9	42	1	6	4	2
	10	57	1	5	3	1
	11	21	1	6	4	3
	12	37	1	4	1	1
	13	40	1	5	3	1
	14	101	1	6	4	2
	15	70	1	6	2	3
	16	78	2	7	4	1
	17	65	2	7	4	3
	18	76	2	6	3	1
	19	78	2	7	1	1
	20	86	2	6	3	1
	21	47	2	4	2	2
	22	96	2	5	2	2
	23	15	2	4	2	3
	24	80	2	7	1	2
	25	43	2	4	4	2
	26	85	2	4	3	2
	27	100	2	7	2	3
	28	85	2	7	3	1
	29	40	2	7	2	1
	30	87	2	6	4	2
	31	15	2	6	4	2
	32	33	2	5	4	3
	33	14	2	3	2	2
	34	29	3	4	2	1
	35	82	3	5	2	3
	36	32	3	6	4	2
	37	50	3	6	2	1
	38	4	3	5	2	2
	39	19	3	7	4	3
	40	2	3	4	3	1
	41	91	3	8	2	1
	42	91	3	4	3	1
	43	62	3	6	4	1
	44	100	3	8	2	2
	45	13	3	7	3	2
	46	93	3	8	2	1
	47	21	3	7	3	1
	48	58	3	8	2	1
	49	48	3	7	1	2
	50	22	3	5	1	1
	51	8	3	5	2	3
	52	57	3	7	1	1
	53	76	3	5	4	2
	54	62	4	9	4	3
	55	82	4	8	2	1
	56	13	4	8	4	3
	57	55	4	7	4	1
	58	42	4	6	3	1
	59	62	4	6	3	2
	60	70	4	8	4	2
	61	86	4	9	3	1
	62	18	4	8	3	2
	63	77	4	5	2	2
	64	7	4	7	4	3
	65	25	5	10	2	1
	66	26	5	9	1	1
	67	12	5	10	3	1
	68	88	5	8	3	2
	69	55	5	8	4	2
	70	9	5	6	4	3
	71	76	5	8	2	3
	72	33	5	7	2	1
	73	38	5	10	4	3
	74	35	5	9	2	1
	75	63	5	7	4	1
	76	45	5	10	1	2
	77	85	5	6	1	2
	78	94	5	10	1	2
	79	47	5	6	4	1
	80	4	5	10	4	3
	81	96	6	8	3	2
	82	8	6	8	4	1
	83	61	6	10	2	3
	84	23	6	7	4	3
	85	39	6	10	2	1
	86	71	6	9	3	2
	87	21	6	8	2	3
	88	61	6	8	2	3
	89	39	6	10	1	1
	90	20	6	10	1	1
	91	88	6	10	1	2
	92	2	6	8	1	2
	93	82	6	7	4	2
	94	21	6	9	3	2
	95	65	6	7	2	3
	96	101	6	11	4	3
	97	52	6	9	3	2
	98	99	6	9	1	1
	99	42	6	8	2	2
	100	100	6	9	2	1
	101	25	7	10	3	1
	102	47	7	8	4	1
	103	82	7	11	1	2
	104	101	7	8	3	2
	105	16	7	12	4	2
	106	5	7	12	3	1
	107	57	7	12	4	2
	108	51	7	9	1	2
	109	57	7	11	3	1
	110	24	7	10	2	1
	111	67	7	8	4	2
	112	38	7	11	3	1
	113	79	7	11	2	2
	114	99	7	12	4	1
	115	94	7	8	4	3
	116	35	7	8	3	2
	117	43	7	10	3	1
	118	87	8	13	1	1
	119	73	8	13	4	3
	120	22	8	9	4	1
	121	52	8	10	1	1
	122	45	8	10	4	3
	123	32	8	11	1	2
	124	96	8	10	2	3
	125	88	8	13	4	2
	126	52	8	11	1	2
	127	24	8	9	3	2
	128	89	8	13	2	3
	129	20	9	10	3	2
	130	73	9	13	4	1
	131	90	9	11	4	2
	132	93	9	11	3	2
	133	85	9	10	2	3
	134	36	9	13	1	2
	135	45	9	12	4	1
	136	88	9	10	3	2
	137	76	9	13	1	2
	138	40	9	11	2	1
	139	28	9	13	2	1
	140	10	9	14	4	3
	141	81	9	14	2	2
	142	63	10	11	4	3
	143	58	10	15	2	3
	144	17	10	11	3	1
	145	53	10	14	3	1
	146	13	10	14	2	2
	147	80	10	12	3	2
	148	55	10	13	3	1
	149	57	10	15	4	1
	150	77	10	14	3	2
	151	41	10	11	3	2
	152	62	11	12	4	2
	153	48	11	14	2	1
	154	78	11	15	3	1
	155	58	11	16	2	1
	156	9	11	16	1	2
	157	99	11	13	1	2
	158	72	11	15	4	1
	159	68	11	12	1	1
	160	5	11	14	1	2
	161	48	11	12	2	1
	162	97	11	13	1	1
	163	45	11	13	1	2
	164	83	11	15	2	1
	165	61	11	16	3	2
	166	20	11	13	3	2
	167	81	11	14	4	3
	168	70	11	16	2	3
	169	65	11	16	3	1
	170	81	11	16	4	3
	171	40	11	14	4	1
	172	50	11	13	3	2
	173	5	12	15	4	3
	174	22	12	17	3	2
	175	26	12	17	1	2
	176	36	12	13	1	1
	177	72	12	17	3	1
	178	9	12	16	2	2
	179	100	12	14	2	2
	180	56	12	15	3	1
	181	71	12	17	1	2
	182	9	12	17	3	2
	183	35	12	15	4	3
	184	88	12	15	3	1
	185	58	12	13	2	1
	186	27	12	15	1	2
	187	70	13	16	1	2
	188	64	13	14	4	2
	189	97	13	16	2	2
	190	27	13	14	1	2
	191	71	13	16	4	1
	192	80	13	14	3	2
	193	11	13	14	4	1
	194	8	13	15	2	3
	195	34	13	16	1	1
	196	13	13	18	3	1
	197	59	13	17	4	2
	198	94	13	16	1	2
	199	31	13	15	3	2
	200	19	13	15	3	1
	201	87	13	17	3	2
	202	65	13	14	1	2
	203	63	13	15	4	3
	204	12	13	15	4	2
	205	90	13	14	3	1
	206	8	13	18	4	1
	207	61	13	18	1	1
	208	68	13	18	4	2
	209	63	14	17	4	3
	210	63	14	15	3	1
	211	44	14	18	2	1
	212	62	14	19	3	2
	213	87	14	19	1	1
	214	41	14	19	1	2
	215	12	14	16	2	1
	216	77	14	17	2	2
	217	95	14	16	1	1
	218	77	14	16	4	1
	219	7	14	19	2	1
	220	101	14	19	1	2
	221	23	15	19	2	3
	222	99	15	18	3	1
	223	20	15	16	1	1
	224	85	15	17	2	1
	225	79	15	18	1	2
	226	27	15	20	3	2
	227	80	15	18	2	1
	228	21	15	18	3	2
	229	37	15	18	3	1
	230	100	15	17	3	2
	231	35	15	19	2	1
	232	9	15	19	2	2
	233	19	15	19	2	2
	234	56	15	17	4	3
	235	9	15	20	1	2
	236	69	16	18	1	2
	237	63	16	20	2	3
	238	27	16	21	3	1
	239	100	16	21	4	1
	240	90	16	21	2	3
	241	42	16	20	4	2
	242	12	16	21	2	2
	243	18	16	19	2	1
	244	42	16	19	4	2
	245	29	16	21	3	2
	246	44	16	18	4	3
	247	83	16	19	2	3
	248	42	16	17	4	2
	249	83	16	18	4	1
	250	15	16	20	3	1
	251	13	16	21	4	2
	252	38	16	18	4	1
	253	47	16	21	2	2
	254	43	17	20	4	2
	255	64	17	21	4	3
	256	81	17	22	3	1
	257	24	17	20	4	1
	258	64	17	21	3	1
	259	43	17	18	3	1
	260	64	17	20	1	2
	261	32	17	22	1	2
	262	7	17	22	2	2
	263	99	17	20	1	1
	264	77	17	22	2	1
	265	73	17	19	4	1
	266	65	17	18	2	3
	267	59	17	22	4	2
	268	71	17	22	1	1
	269	95	17	20	4	1
	270	100	17	20	3	1
	271	52	18	20	3	2
	272	57	18	21	3	1
	273	88	18	23	4	3
	274	52	18	22	4	1
	275	40	18	23	1	2
	276	91	18	20	4	3
	277	80	18	23	3	2
	278	33	18	22	2	1
	279	61	18	22	1	1
	280	67	18	22	3	1
	281	66	18	19	4	3
	282	91	18	19	1	1
	283	94	18	19	1	1
	284	6	18	21	3	1
	285	96	18	21	4	3
	286	57	18	20	4	2
	287	62	18	21	1	1
	288	83	19	21	2	1
	289	56	19	23	3	1
	290	15	19	22	4	1
	291	67	19	22	2	2
	292	99	19	21	2	2
	293	89	19	21	3	2
	294	98	19	20	4	1
	295	85	19	20	2	1
	296	2	19	24	2	2
	297	60	19	20	2	1
	298	6	19	20	2	1
	299	86	19	24	4	1
	300	53	19	24	4	2

TECHNICIANS = 350
1	102	520	7	1	1	1	0	
2	43	940	10	0	1	1	1	
3	1	560	9	0	1	1	1	
4	103	260	8	1	0	1	0	
5	72	125	7	1	0	0	1	
6	44	810	7	0	1	0	0	
7	104	160	5	1	1	0	1	
8	43	620	8	1	1	1	0	
9	53	720	6	1	1	1	0	
10	21	250	9	0	1	0	0	
11	55	110	9	0	0	1	1	
12	1	265	6	1	0	1	0	
13	79	385	5	0	0	0	1	
14	1	495	5	0	0	1	0	
15	87	170	5	0	1	0	1	
16	105	905	6	0	1	1	1	
17	54	895	9	0	1	1	0	
18	5	250	6	1	0	1	0	
19	106	900	7	0	1	0	0	
20	107	190	9	1	0	1	1	
21	108	245	8	0	0	1	0	
22	1	175	7	1	1	0	1	
23	37	755	9	1	0	0	0	
24	78	210	9	1	0	0	0	
25	56	265	10	0	0	0	1	
26	54	120	5	0	0	0	1	
27	109	560	9	1	0	1	0	
28	68	405	5	1	1	1	0	
29	1	660	10	0	1	1	0	
30	50	860	5	0	1	0	1	
31	50	570	8	1	1	0	1	
32	17	840	9	0	1	0	1	
33	110	490	5	1	0	0	1	
34	24	315	9	0	0	0	1	
35	9	790	7	0	1	0	0	
36	31	995	7	0	1	1	1	
37	71	275	6	0	1	1	1	
38	39	235	6	1	1	0	0	
39	58	105	6	0	1	0	0	
40	48	590	9	1	0	1	0	
41	58	950	9	0	0	1	1	
42	1	190	5	1	0	0	0	
43	111	285	9	1	0	0	0	
44	9	605	5	0	1	1	1	
45	93	105	7	1	0	1	1	
46	26	575	5	1	0	0	0	
47	21	620	10	1	0	0	0	
48	53	880	6	0	0	1	1	
49	47	425	10	0	1	1	1	
50	100	165	6	0	1	0	1	
51	102	520	7	1	1	1	0	
52	31	995	7	0	1	1	1	
53	17	840	9	0	1	0	1	
54	102	520	7	1	1	1	0	
55	53	720	6	1	1	1	0	
56	31	995	7	0	1	1	1	
57	105	905	6	0	1	1	1	
58	110	490	5	1	0	0	1	
59	54	120	5	0	0	0	1	
60	9	605	5	0	1	1	1	
61	31	995	7	0	1	1	1	
62	93	105	7	1	0	1	1	
63	1	495	5	0	0	1	0	
64	50	860	5	0	1	0	1	
65	31	995	7	0	1	1	1	
66	50	860	5	0	1	0	1	
67	58	950	9	0	0	1	1	
68	108	245	8	0	0	1	0	
69	21	620	10	1	0	0	0	
70	31	995	7	0	1	1	1	
71	47	425	10	0	1	1	1	
72	105	905	6	0	1	1	1	
73	71	275	6	0	1	1	1	
74	21	620	10	1	0	0	0	
75	43	940	10	0	1	1	1	
76	53	720	6	1	1	1	0	
77	100	165	6	0	1	0	1	
78	43	620	8	1	1	1	0	
79	106	900	7	0	1	0	0	
80	17	840	9	0	1	0	1	
81	110	490	5	1	0	0	1	
82	105	905	6	0	1	1	1	
83	1	660	10	0	1	1	0	
84	50	860	5	0	1	0	1	
85	53	720	6	1	1	1	0	
86	1	560	9	0	1	1	1	
87	102	520	7	1	1	1	0	
88	106	900	7	0	1	0	0	
89	105	905	6	0	1	1	1	
90	105	905	6	0	1	1	1	
91	105	905	6	0	1	1	1	
92	102	520	7	1	1	1	0	
93	43	940	10	0	1	1	1	
94	1	660	10	0	1	1	0	
95	102	520	7	1	1	1	0	
96	50	570	8	1	1	0	1	
97	43	620	8	1	1	1	0	
98	43	620	8	1	1	1	0	
99	102	520	7	1	1	1	0	
100	50	570	8	1	1	0	1	
101	102	520	7	1	1	1	0	
102	53	720	6	1	1	1	0	
103	79	385	5	0	0	0	1	
104	56	265	10	0	0	0	1	
105	50	860	5	0	1	0	1	
106	50	860	5	0	1	0	1	
107	31	995	7	0	1	1	1	
108	1	495	5	0	0	1	0	
109	53	720	6	1	1	1	0	
110	110	490	5	1	0	0	1	
111	53	720	6	1	1	1	0	
112	53	720	6	1	1	1	0	
113	43	620	8	1	1	1	0	
114	31	995	7	0	1	1	1	
115	43	940	10	0	1	1	1	
116	102	520	7	1	1	1	0	
117	31	995	7	0	1	1	1	
118	31	995	7	0	1	1	1	
119	50	860	5	0	1	0	1	
120	9	605	5	0	1	1	1	
121	68	405	5	1	1	1	0	
122	50	860	5	0	1	0	1	
123	50	570	8	1	1	0	1	
124	31	995	7	0	1	1	1	
125	50	860	5	0	1	0	1	
126	110	490	5	1	0	0	1	
127	21	620	10	1	0	0	0	
128	53	720	6	1	1	1	0	
129	43	940	10	0	1	1	1	
130	31	995	7	0	1	1	1	
131	53	720	6	1	1	1	0	
132	31	995	7	0	1	1	1	
133	53	720	6	1	1	1	0	
134	105	905	6	0	1	1	1	
135	50	860	5	0	1	0	1	
136	53	880	6	0	0	1	1	
137	17	840	9	0	1	0	1	
138	105	905	6	0	1	1	1	
139	53	720	6	1	1	1	0	
140	102	520	7	1	1	1	0	
141	53	720	6	1	1	1	0	
142	50	570	8	1	1	0	1	
143	105	905	6	0	1	1	1	
144	43	620	8	1	1	1	0	
145	43	620	8	1	1	1	0	
146	53	880	6	0	0	1	1	
147	43	940	10	0	1	1	1	
148	53	720	6	1	1	1	0	
149	1	660	10	0	1	1	0	
150	1	660	10	0	1	1	0	
151	105	905	6	0	1	1	1	
152	43	940	10	0	1	1	1	
153	21	620	10	1	0	0	0	
154	31	995	7	0	1	1	1	
155	43	940	10	0	1	1	1	
156	105	905	6	0	1	1	1	
157	50	570	8	1	1	0	1	
158	50	570	8	1	1	0	1	
159	53	880	6	0	0	1	1	
160	31	995	7	0	1	1	1	
161	105	905	6	0	1	1	1	
162	105	905	6	0	1	1	1	
163	53	720	6	1	1	1	0	
164	50	570	8	1	1	0	1	
165	50	570	8	1	1	0	1	
166	43	620	8	1	1	1	0	
167	1	660	10	0	1	1	0	
168	50	570	8	1	1	0	1	
169	31	995	7	0	1	1	1	
170	43	940	10	0	1	1	1	
171	102	520	7	1	1	1	0	
172	43	940	10	0	1	1	1	
173	48	590	9	1	0	1	0	
174	102	520	7	1	1	1	0	
175	50	860	5	0	1	0	1	
176	48	590	9	1	0	1	0	
177	43	940	10	0	1	1	1	
178	31	995	7	0	1	1	1	
179	31	995	7	0	1	1	1	
180	43	940	10	0	1	1	1	
181	105	905	6	0	1	1	1	
182	31	995	7	0	1	1	1	
183	31	995	7	0	1	1	1	
184	21	620	10	1	0	0	0	
185	50	570	8	1	1	0	1	
186	31	995	7	0	1	1	1	
187	26	575	5	1	0	0	0	
188	1	660	10	0	1	1	0	
189	105	905	6	0	1	1	1	
190	43	940	10	0	1	1	1	
191	102	520	7	1	1	1	0	
192	58	950	9	0	0	1	1	
193	47	425	10	0	1	1	1	
194	53	720	6	1	1	1	0	
195	43	940	10	0	1	1	1	
196	105	905	6	0	1	1	1	
197	31	995	7	0	1	1	1	
198	105	905	6	0	1	1	1	
199	53	880	6	0	0	1	1	
200	31	995	7	0	1	1	1	
201	53	720	6	1	1	1	0	
202	105	905	6	0	1	1	1	
203	53	720	6	1	1	1	0	
204	43	620	8	1	1	1	0	
205	1	660	10	0	1	1	0	
206	102	520	7	1	1	1	0	
207	53	720	6	1	1	1	0	
208	105	905	6	0	1	1	1	
209	43	620	8	1	1	1	0	
210	110	490	5	1	0	0	1	
211	43	620	8	1	1	1	0	
212	102	520	7	1	1	1	0	
213	26	575	5	1	0	0	0	
214	53	720	6	1	1	1	0	
215	31	995	7	0	1	1	1	
216	108	245	8	0	0	1	0	
217	53	880	6	0	0	1	1	
218	31	995	7	0	1	1	1	
219	43	620	8	1	1	1	0	
220	53	880	6	0	0	1	1	
221	43	940	10	0	1	1	1	
222	31	995	7	0	1	1	1	
223	105	905	6	0	1	1	1	
224	43	940	10	0	1	1	1	
225	102	520	7	1	1	1	0	
226	53	720	6	1	1	1	0	
227	53	720	6	1	1	1	0	
228	50	860	5	0	1	0	1	
229	43	940	10	0	1	1	1	
230	43	940	10	0	1	1	1	
231	53	720	6	1	1	1	0	
232	43	940	10	0	1	1	1	
233	31	995	7	0	1	1	1	
234	53	720	6	1	1	1	0	
235	43	940	10	0	1	1	1	
236	53	720	6	1	1	1	0	
237	53	720	6	1	1	1	0	
238	50	570	8	1	1	0	1	
239	53	720	6	1	1	1	0	
240	50	570	8	1	1	0	1	
241	31	995	7	0	1	1	1	
242	31	995	7	0	1	1	1	
243	110	490	5	1	0	0	1	
244	31	995	7	0	1	1	1	
245	43	620	8	1	1	1	0	
246	43	940	10	0	1	1	1	
247	31	995	7	0	1	1	1	
248	102	520	7	1	1	1	0	
249	102	520	7	1	1	1	0	
250	43	940	10	0	1	1	1	
251	105	905	6	0	1	1	1	
252	109	560	9	1	0	1	0	
253	31	995	7	0	1	1	1	
254	50	570	8	1	1	0	1	
255	105	905	6	0	1	1	1	
256	31	995	7	0	1	1	1	
257	102	520	7	1	1	1	0	
258	31	995	7	0	1	1	1	
259	50	860	5	0	1	0	1	
260	31	995	7	0	1	1	1	
261	31	995	7	0	1	1	1	
262	102	520	7	1	1	1	0	
263	21	620	10	1	0	0	0	
264	53	720	6	1	1	1	0	
265	105	905	6	0	1	1	1	
266	43	620	8	1	1	1	0	
267	110	490	5	1	0	0	1	
268	31	995	7	0	1	1	1	
269	31	995	7	0	1	1	1	
270	53	720	6	1	1	1	0	
271	31	995	7	0	1	1	1	
272	43	940	10	0	1	1	1	
273	102	520	7	1	1	1	0	
274	31	995	7	0	1	1	1	
275	21	620	10	1	0	0	0	
276	53	720	6	1	1	1	0	
277	43	940	10	0	1	1	1	
278	53	720	6	1	1	1	0	
279	105	905	6	0	1	1	1	
280	31	995	7	0	1	1	1	
281	53	720	6	1	1	1	0	
282	31	995	7	0	1	1	1	
283	50	860	5	0	1	0	1	
284	43	940	10	0	1	1	1	
285	102	520	7	1	1	1	0	
286	48	590	9	1	0	1	0	
287	1	660	10	0	1	1	0	
288	31	995	7	0	1	1	1	
289	53	880	6	0	0	1	1	
290	50	860	5	0	1	0	1	
291	24	315	9	0	0	0	1	
292	50	570	8	1	1	0	1	
293	105	905	6	0	1	1	1	
294	31	995	7	0	1	1	1	
295	31	995	7	0	1	1	1	
296	31	995	7	0	1	1	1	
297	105	905	6	0	1	1	1	
298	43	940	10	0	1	1	1	
299	50	860	5	0	1	0	1	
300	43	940	10	0	1	1	1	
301	31	995	7	0	1	1	1	
302	50	570	8	1	1	0	1	
303	1	660	10	0	1	1	0	
304	31	995	7	0	1	1	1	
305	43	940	10	0	1	1	1	
306	102	520	7	1	1	1	0	
307	43	940	10	0	1	1	1	
308	53	880	6	0	0	1	1	
309	43	940	10	0	1	1	1	
310	50	570	8	1	1	0	1	
311	43	620	8	1	1	1	0	
312	102	520	7	1	1	1	0	
313	53	720	6	1	1	1	0	
314	43	940	10	0	1	1	1	
315	105	905	6	0	1	1	1	
316	43	620	8	1	1	1	0	
317	105	905	6	0	1	1	1	
318	53	720	6	1	1	1	0	
319	43	940	10	0	1	1	1	
320	43	620	8	1	1	1	0	
321	53	720	6	1	1	1	0	
322	53	720	6	1	1	1	0	
323	31	995	7	0	1	1	1	
324	105	905	6	0	1	1	1	
325	53	720	6	1	1	1	0	
326	105	905	6	0	1	1	1	
327	31	995	7	0	1	1	1	
328	50	860	5	0	1	0	1	
329	102	520	7	1	1	1	0	
330	53	720	6	1	1	1	0	
331	31	995	7	0	1	1	1	
332	48	590	9	1	0	1	0	
333	110	490	5	1	0	0	1	
334	53	720	6	1	1	1	0	
335	53	880	6	0	0	1	1	
336	43	940	10	0	1	1	1	
337	48	590	9	1	0	1	0	
338	105	905	6	0	1	1	1	
339	102	520	7	1	1	1	0	
340	31	995	7	0	1	1	1	
341	105	905	6	0	1	1	1	
342	43	940	10	0	1	1	1	
343	43	940	10	0	1	1	1	
344	53	880	6	0	0	1	1	
345	31	995	7	0	1	1	1	
346	31	995	7	0	1	1	1	
347	17	840	9	0	1	0	1	
348	100	165	6	0	1	0	1	
349	43	940	10	0	1	1	1	
350	105	905	6	0	1	1	1	

