DATASET = ORTEC Early VeRoLog 2019 - easy
NAME = Instance 12 easy

DAYS = 25
TRUCK_CAPACITY = 18
TRUCK_MAX_DISTANCE = 1305

TRUCK_DISTANCE_COST = 100000
TRUCK_DAY_COST = 1000
TRUCK_COST = 100
TECHNICIAN_DISTANCE_COST = 10000
TECHNICIAN_DAY_COST = 1000
TECHNICIAN_COST = 100

MACHINES = 4
	1	3	420
	2	5	705
	3	3	385
	4	8	255

LOCATIONS = 308
	1	202	382
	2	139	213
	3	398	369
	4	230	339
	5	595	404
	6	384	346
	7	521	285
	8	404	151
	9	271	455
	10	198	381
	11	298	469
	12	109	259
	13	478	353
	14	389	472
	15	274	531
	16	492	142
	17	637	359
	18	415	410
	19	341	546
	20	591	552
	21	315	470
	22	486	182
	23	197	366
	24	331	316
	25	369	392
	26	348	366
	27	230	334
	28	312	591
	29	31	186
	30	478	371
	31	508	312
	32	422	412
	33	539	342
	34	399	416
	35	388	766
	36	608	557
	37	580	436
	38	655	572
	39	569	754
	40	209	345
	41	676	339
	42	485	519
	43	359	394
	44	307	386
	45	213	335
	46	233	381
	47	619	355
	48	204	390
	49	161	311
	50	664	381
	51	470	375
	52	597	326
	53	664	715
	54	213	379
	55	473	266
	56	560	37
	57	655	451
	58	265	470
	59	437	508
	60	725	425
	61	318	474
	62	520	638
	63	539	431
	64	491	307
	65	305	558
	66	464	680
	67	493	299
	68	261	490
	69	466	197
	70	621	386
	71	402	410
	72	363	554
	73	261	422
	74	352	370
	75	192	374
	76	773	689
	77	231	339
	78	348	233
	79	576	751
	80	582	173
	81	434	171
	82	205	365
	83	348	404
	84	329	314
	85	357	231
	86	641	477
	87	129	220
	88	645	541
	89	337	478
	90	292	241
	91	262	474
	92	352	374
	93	480	275
	94	460	405
	95	686	602
	96	264	311
	97	355	389
	98	49	214
	99	524	329
	100	452	683
	101	378	367
	102	257	353
	103	362	377
	104	496	307
	105	540	428
	106	460	385
	107	459	370
	108	480	275
	109	395	448
	110	744	719
	111	265	400
	112	603	327
	113	303	467
	114	334	312
	115	274	454
	116	364	395
	117	720	446
	118	193	378
	119	229	344
	120	513	714
	121	368	210
	122	540	227
	123	569	432
	124	186	383
	125	578	388
	126	652	614
	127	624	419
	128	273	513
	129	567	232
	130	51	210
	131	371	444
	132	244	286
	133	507	26
	134	142	323
	135	679	698
	136	648	596
	137	183	384
	138	456	253
	139	281	592
	140	684	778
	141	545	620
	142	682	712
	143	415	173
	144	538	563
	145	374	408
	146	731	581
	147	592	422
	148	525	112
	149	304	473
	150	468	462
	151	641	374
	152	435	202
	153	558	38
	154	433	236
	155	40	198
	156	588	405
	157	382	581
	158	580	388
	159	488	125
	160	505	718
	161	320	524
	162	697	673
	163	451	365
	164	286	507
	165	764	701
	166	272	306
	167	592	568
	168	437	310
	169	312	492
	170	270	404
	171	297	503
	172	359	388
	173	332	433
	174	383	348
	175	366	388
	176	546	500
	177	493	215
	178	227	342
	179	230	409
	180	190	374
	181	150	316
	182	179	335
	183	29	207
	184	212	376
	185	427	332
	186	596	364
	187	149	336
	188	642	642
	189	159	312
	190	508	720
	191	651	393
	192	321	465
	193	529	324
	194	221	336
	195	271	512
	196	532	47
	197	332	433
	198	503	353
	199	329	476
	200	230	411
	201	512	415
	202	211	405
	203	262	236
	204	303	500
	205	357	374
	206	619	341
	207	347	404
	208	174	344
	209	523	13
	210	563	152
	211	652	451
	212	537	219
	213	509	92
	214	294	674
	215	297	465
	216	410	162
	217	163	331
	218	548	422
	219	530	360
	220	195	371
	221	536	295
	222	569	320
	223	487	238
	224	299	330
	225	236	308
	226	548	422
	227	316	396
	228	348	228
	229	256	332
	230	575	361
	231	270	452
	232	139	145
	233	559	544
	234	265	397
	235	330	451
	236	315	586
	237	208	322
	238	241	340
	239	332	442
	240	518	321
	241	178	382
	242	150	288
	243	221	417
	244	247	338
	245	371	426
	246	638	517
	247	298	593
	248	672	681
	249	747	647
	250	531	359
	251	416	436
	252	273	454
	253	359	388
	254	249	345
	255	404	151
	256	406	242
	257	252	323
	258	367	443
	259	113	259
	260	284	251
	261	537	493
	262	490	292
	263	239	430
	264	526	102
	265	372	566
	266	383	450
	267	87	134
	268	293	466
	269	314	476
	270	532	224
	271	486	1
	272	310	478
	273	474	373
	274	288	598
	275	325	314
	276	589	399
	277	458	715
	278	507	720
	279	369	432
	280	454	713
	281	330	313
	282	306	478
	283	279	243
	284	470	453
	285	222	367
	286	664	725
	287	314	387
	288	504	267
	289	229	323
	290	428	209
	291	248	331
	292	297	675
	293	272	558
	294	676	680
	295	326	473
	296	622	329
	297	519	319
	298	605	476
	299	279	521
	300	397	424
	301	252	357
	302	488	516
	303	493	700
	304	304	553
	305	662	685
	306	310	451
	307	497	719
	308	509	715

REQUESTS = 900
	1	137	1	3	3	2
	2	212	1	2	3	2
	3	108	1	2	3	1
	4	47	1	6	2	3
	5	164	1	4	4	2
	6	231	1	4	2	1
	7	132	1	2	3	2
	8	219	1	5	3	2
	9	199	1	5	1	1
	10	103	1	6	3	2
	11	125	1	2	1	3
	12	233	1	4	1	1
	13	216	1	2	2	1
	14	233	1	4	1	2
	15	215	1	6	4	2
	16	210	1	5	2	3
	17	26	1	4	3	2
	18	73	1	2	1	1
	19	221	1	5	1	2
	20	94	1	5	2	2
	21	124	1	4	1	3
	22	134	1	5	3	3
	23	118	1	4	3	1
	24	143	1	3	1	1
	25	19	1	2	1	1
	26	20	1	4	4	1
	27	234	1	2	2	3
	28	273	1	5	4	1
	29	230	1	6	3	3
	30	113	1	4	4	1
	31	205	1	5	3	2
	32	298	1	2	3	3
	33	213	1	5	1	3
	34	62	1	4	4	1
	35	161	1	6	4	2
	36	165	1	3	3	2
	37	114	1	6	2	2
	38	152	1	2	1	1
	39	48	1	6	2	2
	40	11	1	5	3	1
	41	263	1	4	4	2
	42	262	1	2	1	2
	43	263	1	4	4	1
	44	237	1	6	1	2
	45	212	1	4	1	1
	46	53	2	4	4	1
	47	189	2	6	4	2
	48	188	2	7	2	2
	49	75	2	7	2	1
	50	100	2	5	3	2
	51	246	2	5	4	2
	52	210	2	4	3	2
	53	55	2	7	2	1
	54	243	2	6	2	1
	55	35	2	3	3	3
	56	178	2	4	3	1
	57	163	2	7	3	3
	58	74	2	7	2	2
	59	131	2	6	1	2
	60	67	2	6	3	3
	61	130	2	5	1	1
	62	129	2	4	3	1
	63	156	2	6	3	2
	64	121	2	5	2	1
	65	136	2	3	3	2
	66	204	2	3	4	1
	67	197	2	3	4	1
	68	3	2	5	4	1
	69	4	2	5	1	2
	70	201	2	7	3	2
	71	26	2	5	2	1
	72	128	2	6	4	2
	73	243	2	4	2	1
	74	148	2	5	4	1
	75	243	2	3	3	3
	76	151	2	5	4	1
	77	189	2	4	4	1
	78	187	2	7	3	2
	79	151	2	3	3	3
	80	278	2	6	4	2
	81	119	2	6	2	3
	82	8	2	3	1	3
	83	105	2	7	1	2
	84	175	2	3	3	3
	85	251	2	4	2	2
	86	209	2	3	4	2
	87	47	2	6	2	3
	88	224	2	3	2	1
	89	267	2	3	2	2
	90	48	2	3	1	2
	91	149	3	4	1	3
	92	142	3	4	1	2
	93	144	3	8	1	1
	94	187	3	4	2	3
	95	175	3	8	3	3
	96	173	3	7	3	1
	97	249	3	8	1	2
	98	225	3	6	2	3
	99	247	3	6	3	3
	100	79	3	5	4	1
	101	271	3	5	1	2
	102	5	3	6	2	2
	103	84	3	4	3	3
	104	214	3	7	2	2
	105	118	3	8	2	2
	106	281	3	4	3	1
	107	45	3	7	1	2
	108	112	3	7	1	3
	109	41	3	6	1	1
	110	35	3	5	3	2
	111	203	3	6	3	3
	112	61	3	5	3	3
	113	50	3	6	2	3
	114	162	3	7	4	2
	115	294	3	5	3	1
	116	216	3	8	1	2
	117	178	3	4	3	1
	118	93	3	7	3	3
	119	203	3	4	4	1
	120	283	3	6	2	2
	121	121	3	8	2	2
	122	240	3	5	4	2
	123	215	3	6	2	1
	124	131	3	4	1	2
	125	17	3	8	2	1
	126	12	3	5	3	2
	127	181	3	4	4	1
	128	150	3	7	1	3
	129	156	3	6	4	2
	130	172	3	4	1	3
	131	161	3	4	2	1
	132	140	3	5	4	1
	133	217	3	5	2	1
	134	181	3	8	2	3
	135	157	3	4	4	1
	136	205	3	4	3	1
	137	23	3	5	2	1
	138	51	3	4	1	3
	139	258	3	6	3	1
	140	91	3	6	1	3
	141	163	4	5	2	2
	142	209	4	8	2	1
	143	295	4	5	3	2
	144	112	4	8	3	3
	145	122	4	6	1	1
	146	290	4	5	1	3
	147	7	4	9	2	3
	148	60	4	7	2	2
	149	113	4	7	1	3
	150	220	4	5	2	3
	151	31	4	6	2	1
	152	94	4	9	3	1
	153	104	4	9	3	1
	154	243	4	9	4	1
	155	225	4	6	3	3
	156	211	4	7	4	2
	157	258	4	5	1	2
	158	230	4	9	4	1
	159	123	4	5	1	1
	160	7	4	8	1	3
	161	151	4	6	4	1
	162	177	4	9	1	1
	163	259	4	7	4	2
	164	4	4	8	3	2
	165	264	4	8	2	2
	166	108	4	6	1	3
	167	183	4	7	1	3
	168	207	4	9	2	3
	169	147	4	9	1	1
	170	32	4	6	4	1
	171	287	4	9	2	3
	172	164	4	7	2	1
	173	101	4	8	2	2
	174	282	4	5	1	3
	175	204	4	7	1	1
	176	218	4	8	3	1
	177	261	4	9	2	2
	178	118	4	6	1	1
	179	90	4	5	2	3
	180	193	4	8	4	1
	181	17	4	6	1	3
	182	130	4	5	2	3
	183	149	4	7	2	2
	184	140	4	8	3	1
	185	138	4	7	4	2
	186	182	4	5	3	3
	187	167	4	9	2	1
	188	63	4	5	3	2
	189	232	4	8	4	1
	190	141	4	8	3	2
	191	40	4	8	1	2
	192	168	4	7	4	1
	193	298	4	7	3	1
	194	35	4	5	3	2
	195	3	4	8	3	1
	196	85	5	6	1	1
	197	71	5	8	1	3
	198	53	5	9	4	2
	199	112	5	7	1	3
	200	289	5	7	3	3
	201	128	5	10	2	3
	202	281	5	7	4	1
	203	73	5	7	3	3
	204	251	5	6	1	3
	205	295	5	8	1	1
	206	155	5	9	4	1
	207	266	5	9	3	1
	208	117	5	10	3	3
	209	28	5	8	3	1
	210	136	5	8	1	1
	211	85	5	7	2	3
	212	53	5	6	3	1
	213	136	5	9	2	1
	214	167	5	6	4	2
	215	145	5	6	3	3
	216	84	5	7	4	2
	217	192	5	9	2	1
	218	64	5	7	4	2
	219	181	5	7	2	1
	220	257	5	10	2	2
	221	57	5	10	3	1
	222	268	5	8	3	2
	223	227	5	8	2	2
	224	80	5	6	3	1
	225	46	5	8	2	3
	226	204	5	10	2	1
	227	146	5	7	4	2
	228	85	5	6	4	1
	229	171	5	6	1	3
	230	121	5	8	2	3
	231	213	5	10	3	2
	232	226	5	6	4	2
	233	190	5	7	1	2
	234	242	5	7	2	2
	235	233	5	6	1	2
	236	63	5	6	4	2
	237	32	5	10	1	1
	238	282	5	6	2	1
	239	30	5	6	2	3
	240	180	5	7	2	2
	241	205	5	7	2	3
	242	51	6	7	2	1
	243	142	6	10	2	2
	244	284	6	8	4	1
	245	115	6	8	2	2
	246	88	6	9	1	3
	247	186	6	8	4	2
	248	53	6	8	4	2
	249	118	6	7	4	2
	250	13	6	8	3	1
	251	170	6	10	2	3
	252	189	6	10	1	1
	253	25	6	11	3	2
	254	244	6	10	1	1
	255	177	6	8	1	1
	256	174	6	7	4	1
	257	218	6	8	4	2
	258	83	6	10	2	2
	259	188	6	10	1	2
	260	248	6	10	3	3
	261	208	6	11	4	1
	262	171	6	7	2	1
	263	3	6	9	4	2
	264	131	6	7	3	3
	265	220	6	8	2	1
	266	266	6	8	4	1
	267	50	6	7	4	1
	268	48	6	7	2	2
	269	145	6	9	3	1
	270	201	6	10	2	2
	271	20	6	7	2	2
	272	100	6	9	2	3
	273	72	6	8	3	3
	274	178	6	9	4	2
	275	237	6	8	1	2
	276	71	6	7	2	1
	277	39	6	9	4	2
	278	8	6	8	4	2
	279	125	6	9	2	3
	280	12	6	9	3	3
	281	297	6	7	3	3
	282	163	6	8	4	1
	283	228	7	8	1	2
	284	161	7	10	1	3
	285	77	7	8	4	2
	286	200	7	10	1	3
	287	77	7	12	1	1
	288	69	7	11	3	2
	289	288	7	10	2	2
	290	82	7	8	4	1
	291	77	7	11	2	1
	292	63	7	9	2	3
	293	275	7	11	2	2
	294	220	7	12	2	3
	295	267	7	11	1	1
	296	288	7	12	1	3
	297	20	7	8	4	1
	298	263	7	8	4	1
	299	57	7	11	3	2
	300	169	7	12	3	3
	301	207	7	8	1	1
	302	277	7	8	2	2
	303	251	7	12	2	1
	304	99	7	10	4	2
	305	68	7	12	4	2
	306	85	7	10	1	2
	307	103	7	9	1	2
	308	121	7	12	2	1
	309	45	7	11	4	1
	310	283	7	12	2	1
	311	27	7	12	3	1
	312	275	7	10	4	2
	313	28	7	12	4	1
	314	160	7	12	3	3
	315	169	7	11	4	1
	316	259	7	10	4	1
	317	123	7	11	4	1
	318	236	7	12	3	1
	319	168	7	10	2	1
	320	271	7	9	3	2
	321	130	7	8	1	3
	322	206	7	11	4	2
	323	208	7	9	3	3
	324	128	7	11	4	2
	325	204	7	12	4	1
	326	295	7	12	4	2
	327	135	7	11	3	1
	328	38	7	9	2	1
	329	149	7	10	1	1
	330	176	7	11	4	1
	331	75	7	9	3	1
	332	46	7	9	3	2
	333	263	7	10	2	3
	334	5	8	12	3	3
	335	237	8	9	4	2
	336	42	8	12	4	2
	337	272	8	11	3	2
	338	65	8	13	1	3
	339	254	8	13	3	3
	340	60	8	10	3	1
	341	267	8	13	1	1
	342	108	8	11	2	1
	343	182	8	12	4	1
	344	50	8	11	3	1
	345	262	8	10	4	2
	346	167	8	9	2	1
	347	46	8	12	3	1
	348	3	8	9	1	3
	349	227	8	10	2	2
	350	16	8	12	2	3
	351	287	8	12	4	1
	352	84	8	10	3	1
	353	272	8	13	4	2
	354	175	8	11	2	2
	355	147	8	10	4	2
	356	164	8	12	3	3
	357	280	8	12	2	3
	358	71	8	9	4	2
	359	228	8	13	4	1
	360	45	8	11	1	1
	361	90	8	11	2	3
	362	132	8	10	3	1
	363	144	8	9	2	3
	364	260	8	11	4	1
	365	28	8	12	4	1
	366	223	8	11	1	1
	367	246	8	13	2	3
	368	44	8	12	2	1
	369	210	8	10	1	1
	370	119	8	11	2	1
	371	106	8	10	2	2
	372	229	8	10	3	3
	373	59	8	11	3	2
	374	106	8	11	1	2
	375	193	8	10	3	2
	376	234	8	10	3	2
	377	233	8	11	4	1
	378	199	8	11	4	2
	379	281	8	11	2	3
	380	191	8	13	4	1
	381	204	9	12	4	1
	382	151	9	13	1	1
	383	199	9	12	4	1
	384	236	9	13	4	2
	385	200	9	14	3	3
	386	78	9	14	1	2
	387	122	9	13	2	1
	388	161	9	14	1	1
	389	80	9	14	3	2
	390	180	9	11	3	3
	391	33	9	14	3	3
	392	92	9	11	2	3
	393	67	9	12	2	2
	394	20	9	11	1	2
	395	207	9	14	1	3
	396	3	9	14	1	1
	397	20	9	14	1	3
	398	141	9	10	1	1
	399	200	9	14	3	2
	400	147	9	11	3	1
	401	22	9	11	4	2
	402	139	9	14	3	2
	403	87	9	11	3	3
	404	2	9	14	3	2
	405	18	9	14	2	1
	406	48	9	14	3	3
	407	50	9	10	4	2
	408	252	9	10	2	1
	409	247	9	12	3	1
	410	277	9	12	2	2
	411	93	9	14	1	3
	412	282	9	14	1	3
	413	225	9	12	3	1
	414	95	9	12	1	1
	415	277	9	14	2	1
	416	264	9	11	4	2
	417	213	9	14	4	2
	418	244	9	11	2	3
	419	95	9	11	4	1
	420	158	9	13	1	2
	421	128	10	11	1	3
	422	236	10	13	2	1
	423	29	10	15	4	2
	424	227	10	12	1	1
	425	287	10	11	4	1
	426	42	10	11	3	3
	427	242	10	11	1	2
	428	25	10	12	4	1
	429	217	10	11	1	1
	430	239	10	14	1	3
	431	261	10	15	2	2
	432	228	10	15	2	2
	433	190	10	11	3	1
	434	121	10	12	2	3
	435	144	10	15	2	2
	436	105	10	14	1	2
	437	262	10	12	2	1
	438	83	10	14	4	2
	439	177	10	11	2	1
	440	199	10	11	3	3
	441	225	10	14	2	1
	442	43	10	12	2	2
	443	26	10	15	4	1
	444	93	10	14	4	2
	445	280	10	11	1	3
	446	118	10	13	2	1
	447	128	10	13	1	2
	448	49	10	12	3	1
	449	286	10	11	2	2
	450	200	10	15	4	2
	451	261	10	13	1	3
	452	284	10	11	1	2
	453	222	10	12	4	1
	454	19	10	14	3	2
	455	278	10	13	1	1
	456	39	10	13	1	3
	457	92	10	15	3	3
	458	263	10	11	2	3
	459	137	10	11	1	1
	460	284	10	14	4	1
	461	190	10	14	3	1
	462	53	10	14	1	2
	463	28	11	16	1	3
	464	149	11	15	2	2
	465	272	11	13	3	3
	466	115	11	12	3	3
	467	93	11	12	4	1
	468	279	11	15	3	3
	469	72	11	15	2	1
	470	175	11	13	3	2
	471	138	11	14	3	3
	472	51	11	15	4	2
	473	4	11	16	2	2
	474	292	11	13	3	2
	475	67	11	15	3	1
	476	125	11	12	3	3
	477	83	11	15	1	3
	478	84	11	14	1	1
	479	75	11	14	2	1
	480	24	11	12	3	2
	481	301	11	14	4	1
	482	208	11	16	4	1
	483	4	11	14	2	2
	484	276	11	16	3	3
	485	199	11	15	1	1
	486	107	11	16	4	2
	487	58	11	14	4	1
	488	232	11	14	3	3
	489	23	11	15	1	1
	490	67	11	13	4	1
	491	37	11	12	3	2
	492	210	11	14	1	2
	493	251	11	14	3	2
	494	123	11	15	4	1
	495	31	11	16	3	1
	496	150	11	13	4	2
	497	57	11	16	2	1
	498	281	11	16	4	1
	499	189	11	15	3	3
	500	185	11	13	4	1
	501	73	11	14	2	3
	502	205	11	12	3	3
	503	139	11	14	1	2
	504	277	11	12	1	3
	505	111	11	16	4	1
	506	138	12	13	4	1
	507	25	12	15	1	3
	508	101	12	13	4	1
	509	53	12	15	2	3
	510	68	12	16	3	3
	511	114	12	17	1	2
	512	14	12	17	2	3
	513	246	12	16	1	3
	514	191	12	15	2	3
	515	255	12	14	4	2
	516	168	12	15	1	3
	517	160	12	13	1	2
	518	84	12	16	4	1
	519	68	12	15	2	2
	520	164	12	15	2	3
	521	95	12	14	3	2
	522	103	12	15	3	3
	523	80	12	15	2	2
	524	237	12	16	3	3
	525	105	12	13	3	3
	526	135	12	16	3	1
	527	98	12	14	1	2
	528	21	12	17	2	1
	529	53	12	17	2	1
	530	27	12	15	3	1
	531	183	12	17	1	1
	532	121	12	17	3	3
	533	83	12	17	2	2
	534	277	12	13	4	2
	535	70	12	16	3	2
	536	159	12	13	2	1
	537	247	12	15	1	1
	538	153	12	13	2	2
	539	131	12	14	4	1
	540	283	13	18	2	1
	541	289	13	14	4	2
	542	143	13	17	3	3
	543	277	13	17	4	2
	544	164	13	18	4	2
	545	248	13	16	4	2
	546	271	13	15	2	3
	547	64	13	14	4	2
	548	41	13	18	4	2
	549	220	13	16	1	1
	550	178	13	16	4	2
	551	298	13	18	1	2
	552	83	13	15	2	1
	553	207	13	18	1	3
	554	282	13	16	4	2
	555	129	13	14	1	3
	556	169	13	17	1	1
	557	250	13	18	2	1
	558	65	13	17	1	2
	559	170	13	14	4	1
	560	195	13	17	1	3
	561	175	13	17	2	1
	562	24	13	15	3	2
	563	246	13	17	2	3
	564	3	13	17	3	1
	565	287	13	18	1	3
	566	111	13	14	1	2
	567	141	13	16	1	2
	568	180	13	14	2	3
	569	146	13	18	3	3
	570	164	13	15	1	3
	571	119	13	17	2	1
	572	262	13	16	1	1
	573	291	13	14	2	1
	574	276	13	15	2	3
	575	298	13	18	3	3
	576	286	13	16	2	3
	577	113	13	18	2	3
	578	53	13	14	1	2
	579	95	13	14	3	1
	580	84	13	17	1	3
	581	254	13	15	1	2
	582	229	13	14	4	1
	583	156	13	18	3	1
	584	176	13	14	4	1
	585	161	13	18	1	3
	586	34	13	18	3	3
	587	242	13	14	3	1
	588	279	13	15	1	2
	589	207	13	16	1	2
	590	87	13	16	4	1
	591	36	14	19	1	3
	592	204	14	16	1	2
	593	58	14	15	1	1
	594	111	14	15	2	3
	595	197	14	17	4	2
	596	95	14	15	4	2
	597	94	14	15	4	1
	598	91	14	17	1	3
	599	145	14	18	2	2
	600	67	14	19	3	3
	601	2	14	15	4	1
	602	236	14	19	1	2
	603	42	14	16	2	3
	604	293	14	16	4	1
	605	203	14	18	3	1
	606	197	14	19	4	2
	607	257	14	17	3	3
	608	59	14	16	1	3
	609	106	14	19	4	1
	610	287	14	18	4	2
	611	226	14	19	1	2
	612	293	14	17	2	2
	613	145	14	19	2	1
	614	285	14	18	3	3
	615	216	14	15	2	2
	616	110	14	19	1	1
	617	187	14	18	3	2
	618	118	14	19	3	2
	619	251	14	16	4	2
	620	271	14	15	4	1
	621	115	14	18	2	2
	622	222	14	16	4	1
	623	256	14	17	1	2
	624	106	14	17	3	3
	625	37	14	18	1	3
	626	199	14	16	3	2
	627	268	14	15	3	3
	628	263	14	19	3	3
	629	248	14	19	3	3
	630	198	14	19	1	1
	631	212	14	16	2	2
	632	101	14	19	2	2
	633	195	14	19	2	2
	634	38	14	18	4	2
	635	301	14	18	1	2
	636	87	14	19	3	2
	637	177	14	17	3	3
	638	136	14	15	3	3
	639	72	14	15	3	1
	640	44	14	15	2	2
	641	146	14	16	2	2
	642	51	14	19	4	2
	643	162	14	18	1	2
	644	196	14	15	2	3
	645	220	14	16	4	1
	646	128	14	15	2	1
	647	128	14	18	4	2
	648	295	14	17	3	2
	649	117	14	15	4	2
	650	80	14	15	3	2
	651	215	14	17	4	2
	652	299	14	19	2	2
	653	263	14	15	1	3
	654	158	14	15	4	1
	655	183	14	15	3	1
	656	247	14	17	3	1
	657	218	15	20	4	2
	658	64	15	18	1	1
	659	130	15	19	1	2
	660	279	15	16	2	1
	661	255	15	20	2	1
	662	213	15	19	1	1
	663	235	15	18	4	2
	664	211	15	16	1	2
	665	223	15	19	4	2
	666	117	15	18	3	2
	667	33	15	18	2	1
	668	113	15	17	3	1
	669	286	15	20	1	3
	670	128	15	19	4	1
	671	44	15	18	4	1
	672	28	15	17	3	3
	673	145	15	17	3	2
	674	227	15	20	2	3
	675	102	15	16	2	1
	676	255	15	17	3	1
	677	282	15	16	4	2
	678	246	15	20	2	3
	679	118	15	17	3	2
	680	122	15	20	2	2
	681	262	15	19	3	3
	682	274	15	16	3	1
	683	151	15	20	4	2
	684	259	15	17	1	3
	685	290	15	19	2	1
	686	114	15	16	3	1
	687	225	15	20	3	3
	688	273	15	19	3	2
	689	26	15	19	1	3
	690	138	15	18	2	1
	691	147	15	18	4	1
	692	194	15	16	2	3
	693	4	15	18	2	1
	694	300	15	19	3	3
	695	294	15	18	3	2
	696	9	15	17	1	2
	697	127	15	20	3	1
	698	80	15	18	2	2
	699	19	16	20	4	1
	700	176	16	20	3	3
	701	175	16	19	2	2
	702	119	16	18	2	1
	703	28	16	18	4	2
	704	148	16	21	1	1
	705	227	16	18	1	3
	706	112	16	17	4	2
	707	295	16	21	4	1
	708	19	16	18	1	1
	709	71	16	20	4	2
	710	74	16	17	2	2
	711	154	16	17	2	2
	712	43	16	17	4	2
	713	101	16	21	3	2
	714	242	16	19	4	1
	715	157	16	20	3	2
	716	182	16	17	2	2
	717	83	16	18	1	2
	718	59	16	18	1	2
	719	42	16	17	1	2
	720	75	16	17	1	3
	721	69	16	17	3	1
	722	228	16	17	2	2
	723	223	16	17	3	3
	724	69	16	17	1	1
	725	293	16	21	1	3
	726	277	16	18	3	2
	727	118	16	20	2	1
	728	148	16	18	1	2
	729	298	16	20	4	1
	730	118	16	17	3	3
	731	269	16	18	4	1
	732	46	16	18	4	2
	733	287	16	17	4	2
	734	56	16	18	4	2
	735	67	16	18	3	2
	736	292	16	21	4	1
	737	169	16	20	1	1
	738	166	16	17	4	2
	739	157	16	18	1	1
	740	186	16	20	3	2
	741	298	16	19	4	2
	742	185	16	20	3	1
	743	256	16	19	1	3
	744	203	16	19	4	2
	745	47	16	20	1	1
	746	164	16	18	4	2
	747	207	16	20	4	2
	748	93	16	18	3	2
	749	155	16	21	2	1
	750	249	16	21	1	3
	751	135	17	21	4	1
	752	24	17	21	2	1
	753	255	17	18	2	3
	754	16	17	19	1	2
	755	6	17	20	1	2
	756	164	17	21	2	2
	757	65	17	22	3	1
	758	174	17	18	3	1
	759	223	17	20	4	2
	760	231	17	22	4	1
	761	48	17	19	1	3
	762	150	17	21	1	3
	763	161	17	22	3	2
	764	44	17	21	1	1
	765	199	17	19	2	2
	766	138	17	21	3	1
	767	52	17	20	2	3
	768	17	17	22	2	1
	769	118	17	22	3	2
	770	100	17	21	3	2
	771	175	17	21	2	1
	772	293	17	18	1	3
	773	291	17	19	4	2
	774	286	17	20	4	2
	775	117	17	22	2	2
	776	134	17	21	3	2
	777	181	17	18	2	3
	778	27	17	21	2	2
	779	263	17	19	2	1
	780	256	17	18	2	1
	781	140	17	19	1	1
	782	81	17	18	2	3
	783	240	17	19	2	2
	784	53	17	21	3	3
	785	127	17	20	1	1
	786	243	17	22	4	1
	787	101	17	20	2	1
	788	19	17	20	1	3
	789	207	17	22	3	2
	790	219	17	20	1	2
	791	201	17	20	3	3
	792	161	17	20	1	2
	793	250	17	18	3	3
	794	296	17	19	2	3
	795	186	17	19	2	3
	796	68	17	22	1	1
	797	117	17	19	4	2
	798	191	17	19	1	2
	799	273	17	19	1	3
	800	6	17	18	2	2
	801	173	17	19	2	3
	802	14	17	20	3	1
	803	127	17	20	1	1
	804	169	17	18	1	1
	805	21	17	20	3	1
	806	66	17	18	3	1
	807	240	18	22	1	2
	808	148	18	20	4	2
	809	30	18	20	1	3
	810	69	18	22	1	1
	811	110	18	22	1	2
	812	144	18	22	3	1
	813	172	18	20	2	1
	814	55	18	22	1	3
	815	183	18	20	4	2
	816	220	18	20	1	3
	817	206	18	23	1	1
	818	127	18	21	2	3
	819	32	18	20	3	2
	820	100	18	21	3	2
	821	18	18	20	2	2
	822	7	18	21	4	1
	823	200	18	20	1	2
	824	206	18	19	1	1
	825	14	18	23	4	2
	826	107	18	23	1	1
	827	30	18	20	3	2
	828	289	18	22	2	2
	829	208	18	19	4	2
	830	89	18	20	3	1
	831	118	18	23	2	3
	832	155	18	21	2	1
	833	80	18	23	1	3
	834	234	18	20	4	2
	835	140	18	19	2	1
	836	5	18	22	3	2
	837	72	18	20	4	2
	838	170	18	22	1	1
	839	171	18	23	3	2
	840	27	18	20	1	3
	841	46	18	21	2	1
	842	270	18	21	3	1
	843	76	18	22	1	2
	844	194	18	21	2	3
	845	82	18	23	3	3
	846	46	18	20	1	3
	847	180	18	23	1	3
	848	151	19	21	1	1
	849	265	19	24	3	1
	850	252	19	20	1	2
	851	162	19	20	1	3
	852	194	19	21	3	2
	853	33	19	20	1	3
	854	52	19	21	1	1
	855	53	19	21	3	3
	856	193	19	22	4	2
	857	51	19	22	4	2
	858	87	19	22	2	3
	859	80	19	20	1	3
	860	148	19	21	4	1
	861	283	19	22	4	1
	862	79	19	21	3	3
	863	248	19	20	2	2
	864	143	19	23	1	3
	865	74	19	24	2	3
	866	74	19	24	1	1
	867	50	19	21	3	2
	868	253	19	24	4	2
	869	72	19	20	3	1
	870	196	19	22	4	2
	871	229	19	23	2	3
	872	50	19	23	4	1
	873	291	19	21	4	2
	874	39	19	24	1	3
	875	266	19	20	1	1
	876	224	19	24	1	3
	877	15	19	22	3	3
	878	271	19	24	3	3
	879	267	19	22	2	2
	880	76	19	24	4	1
	881	71	19	21	4	2
	882	210	19	22	4	2
	883	232	19	20	1	2
	884	58	19	23	2	2
	885	267	19	23	4	1
	886	176	19	22	3	3
	887	163	19	24	2	3
	888	149	19	20	4	1
	889	18	19	21	2	2
	890	212	19	21	2	1
	891	128	19	22	2	2
	892	231	19	22	4	2
	893	193	19	23	1	1
	894	198	19	24	2	1
	895	82	19	23	1	3
	896	35	19	22	2	3
	897	71	19	22	4	2
	898	223	19	20	4	2
	899	166	19	22	2	1
	900	172	19	22	4	1

TECHNICIANS = 950
1	1	400	6	1	1	0	1	
2	302	220	6	0	1	1	0	
3	130	440	7	0	0	1	1	
4	278	155	8	1	1	1	0	
5	303	195	5	1	1	0	1	
6	167	190	9	1	0	1	1	
7	61	555	8	0	1	1	1	
8	1	775	10	0	1	1	0	
9	1	850	7	1	0	0	0	
10	193	835	9	1	0	0	0	
11	20	985	6	1	0	0	0	
12	1	705	6	0	1	1	1	
13	104	685	10	0	0	1	1	
14	205	780	6	0	1	1	0	
15	1	615	6	0	1	1	1	
16	88	615	6	1	0	1	1	
17	183	745	6	0	1	1	1	
18	163	360	10	0	0	1	1	
19	1	590	5	1	0	1	1	
20	304	245	10	1	0	1	1	
21	187	365	7	1	0	0	0	
22	134	290	7	0	1	1	1	
23	229	510	8	0	0	1	0	
24	102	725	5	1	1	0	1	
25	305	355	9	1	1	0	1	
26	10	380	5	0	0	1	0	
27	151	785	10	1	1	1	0	
28	159	90	9	1	0	1	1	
29	224	390	8	1	0	1	1	
30	1	240	10	1	1	0	1	
31	236	970	5	1	1	1	0	
32	1	285	8	1	0	0	0	
33	306	780	7	1	1	1	0	
34	250	720	10	0	0	1	0	
35	124	520	9	1	0	0	0	
36	297	660	6	0	1	1	1	
37	279	235	9	1	0	1	1	
38	1	615	7	1	1	0	1	
39	145	845	10	1	0	1	1	
40	73	365	8	1	0	0	0	
41	152	415	6	0	0	1	1	
42	307	200	7	1	1	0	1	
43	69	230	10	0	0	1	0	
44	296	530	5	1	0	1	0	
45	1	430	10	0	0	1	0	
46	188	225	8	0	1	0	0	
47	95	855	6	1	1	0	1	
48	308	680	8	0	1	0	1	
49	179	725	8	1	1	1	0	
50	280	160	8	0	1	0	0	
51	224	390	8	1	0	1	1	
52	250	720	10	0	0	1	0	
53	151	785	10	1	1	1	0	
54	151	785	10	1	1	1	0	
55	279	235	9	1	0	1	1	
56	1	240	10	1	1	0	1	
57	145	845	10	1	0	1	1	
58	1	775	10	0	1	1	0	
59	224	390	8	1	0	1	1	
60	205	780	6	0	1	1	0	
61	145	845	10	1	0	1	1	
62	193	835	9	1	0	0	0	
63	151	785	10	1	1	1	0	
64	193	835	9	1	0	0	0	
65	1	705	6	0	1	1	1	
66	151	785	10	1	1	1	0	
67	1	705	6	0	1	1	1	
68	151	785	10	1	1	1	0	
69	236	970	5	1	1	1	0	
70	236	970	5	1	1	1	0	
71	1	400	6	1	1	0	1	
72	130	440	7	0	0	1	1	
73	1	615	6	0	1	1	1	
74	151	785	10	1	1	1	0	
75	236	970	5	1	1	1	0	
76	145	845	10	1	0	1	1	
77	1	615	6	0	1	1	1	
78	145	845	10	1	0	1	1	
79	145	845	10	1	0	1	1	
80	1	705	6	0	1	1	1	
81	306	780	7	1	1	1	0	
82	250	720	10	0	0	1	0	
83	145	845	10	1	0	1	1	
84	145	845	10	1	0	1	1	
85	95	855	6	1	1	0	1	
86	236	970	5	1	1	1	0	
87	236	970	5	1	1	1	0	
88	145	845	10	1	0	1	1	
89	236	970	5	1	1	1	0	
90	151	785	10	1	1	1	0	
91	145	845	10	1	0	1	1	
92	224	390	8	1	0	1	1	
93	104	685	10	0	0	1	1	
94	145	845	10	1	0	1	1	
95	145	845	10	1	0	1	1	
96	88	615	6	1	0	1	1	
97	145	845	10	1	0	1	1	
98	236	970	5	1	1	1	0	
99	1	240	10	1	1	0	1	
100	250	720	10	0	0	1	0	
101	305	355	9	1	1	0	1	
102	297	660	6	0	1	1	1	
103	1	775	10	0	1	1	0	
104	1	775	10	0	1	1	0	
105	236	970	5	1	1	1	0	
106	236	970	5	1	1	1	0	
107	145	845	10	1	0	1	1	
108	205	780	6	0	1	1	0	
109	88	615	6	1	0	1	1	
110	145	845	10	1	0	1	1	
111	236	970	5	1	1	1	0	
112	306	780	7	1	1	1	0	
113	151	785	10	1	1	1	0	
114	151	785	10	1	1	1	0	
115	88	615	6	1	0	1	1	
116	145	845	10	1	0	1	1	
117	1	705	6	0	1	1	1	
118	1	705	6	0	1	1	1	
119	193	835	9	1	0	0	0	
120	1	705	6	0	1	1	1	
121	1	705	6	0	1	1	1	
122	297	660	6	0	1	1	1	
123	236	970	5	1	1	1	0	
124	145	845	10	1	0	1	1	
125	236	970	5	1	1	1	0	
126	145	845	10	1	0	1	1	
127	145	845	10	1	0	1	1	
128	145	845	10	1	0	1	1	
129	236	970	5	1	1	1	0	
130	145	845	10	1	0	1	1	
131	179	725	8	1	1	1	0	
132	145	845	10	1	0	1	1	
133	151	785	10	1	1	1	0	
134	151	785	10	1	1	1	0	
135	151	785	10	1	1	1	0	
136	297	660	6	0	1	1	1	
137	151	785	10	1	1	1	0	
138	1	240	10	1	1	0	1	
139	306	780	7	1	1	1	0	
140	306	780	7	1	1	1	0	
141	236	970	5	1	1	1	0	
142	236	970	5	1	1	1	0	
143	145	845	10	1	0	1	1	
144	236	970	5	1	1	1	0	
145	151	785	10	1	1	1	0	
146	306	780	7	1	1	1	0	
147	236	970	5	1	1	1	0	
148	183	745	6	0	1	1	1	
149	236	970	5	1	1	1	0	
150	145	845	10	1	0	1	1	
151	193	835	9	1	0	0	0	
152	151	785	10	1	1	1	0	
153	306	780	7	1	1	1	0	
154	306	780	7	1	1	1	0	
155	1	240	10	1	1	0	1	
156	145	845	10	1	0	1	1	
157	236	970	5	1	1	1	0	
158	20	985	6	1	0	0	0	
159	151	785	10	1	1	1	0	
160	236	970	5	1	1	1	0	
161	236	970	5	1	1	1	0	
162	179	725	8	1	1	1	0	
163	151	785	10	1	1	1	0	
164	145	845	10	1	0	1	1	
165	145	845	10	1	0	1	1	
166	236	970	5	1	1	1	0	
167	250	720	10	0	0	1	0	
168	145	845	10	1	0	1	1	
169	145	845	10	1	0	1	1	
170	236	970	5	1	1	1	0	
171	151	785	10	1	1	1	0	
172	297	660	6	0	1	1	1	
173	151	785	10	1	1	1	0	
174	179	725	8	1	1	1	0	
175	151	785	10	1	1	1	0	
176	134	290	7	0	1	1	1	
177	145	845	10	1	0	1	1	
178	151	785	10	1	1	1	0	
179	145	845	10	1	0	1	1	
180	151	785	10	1	1	1	0	
181	297	660	6	0	1	1	1	
182	308	680	8	0	1	0	1	
183	306	780	7	1	1	1	0	
184	306	780	7	1	1	1	0	
185	304	245	10	1	0	1	1	
186	205	780	6	0	1	1	0	
187	1	240	10	1	1	0	1	
188	236	970	5	1	1	1	0	
189	151	785	10	1	1	1	0	
190	151	785	10	1	1	1	0	
191	151	785	10	1	1	1	0	
192	151	785	10	1	1	1	0	
193	297	660	6	0	1	1	1	
194	145	845	10	1	0	1	1	
195	145	845	10	1	0	1	1	
196	145	845	10	1	0	1	1	
197	151	785	10	1	1	1	0	
198	236	970	5	1	1	1	0	
199	151	785	10	1	1	1	0	
200	1	240	10	1	1	0	1	
201	1	775	10	0	1	1	0	
202	145	845	10	1	0	1	1	
203	145	845	10	1	0	1	1	
204	1	705	6	0	1	1	1	
205	236	970	5	1	1	1	0	
206	88	615	6	1	0	1	1	
207	1	400	6	1	1	0	1	
208	145	845	10	1	0	1	1	
209	236	970	5	1	1	1	0	
210	145	845	10	1	0	1	1	
211	145	845	10	1	0	1	1	
212	145	845	10	1	0	1	1	
213	145	845	10	1	0	1	1	
214	306	780	7	1	1	1	0	
215	151	785	10	1	1	1	0	
216	151	785	10	1	1	1	0	
217	306	780	7	1	1	1	0	
218	151	785	10	1	1	1	0	
219	145	845	10	1	0	1	1	
220	224	390	8	1	0	1	1	
221	236	970	5	1	1	1	0	
222	306	780	7	1	1	1	0	
223	151	785	10	1	1	1	0	
224	193	835	9	1	0	0	0	
225	124	520	9	1	0	0	0	
226	145	845	10	1	0	1	1	
227	151	785	10	1	1	1	0	
228	145	845	10	1	0	1	1	
229	297	660	6	0	1	1	1	
230	102	725	5	1	1	0	1	
231	20	985	6	1	0	0	0	
232	236	970	5	1	1	1	0	
233	151	785	10	1	1	1	0	
234	236	970	5	1	1	1	0	
235	145	845	10	1	0	1	1	
236	145	845	10	1	0	1	1	
237	151	785	10	1	1	1	0	
238	236	970	5	1	1	1	0	
239	145	845	10	1	0	1	1	
240	145	845	10	1	0	1	1	
241	236	970	5	1	1	1	0	
242	1	705	6	0	1	1	1	
243	205	780	6	0	1	1	0	
244	306	780	7	1	1	1	0	
245	145	845	10	1	0	1	1	
246	145	845	10	1	0	1	1	
247	193	835	9	1	0	0	0	
248	88	615	6	1	0	1	1	
249	145	845	10	1	0	1	1	
250	1	705	6	0	1	1	1	
251	306	780	7	1	1	1	0	
252	61	555	8	0	1	1	1	
253	179	725	8	1	1	1	0	
254	145	845	10	1	0	1	1	
255	145	845	10	1	0	1	1	
256	1	705	6	0	1	1	1	
257	236	970	5	1	1	1	0	
258	151	785	10	1	1	1	0	
259	236	970	5	1	1	1	0	
260	151	785	10	1	1	1	0	
261	236	970	5	1	1	1	0	
262	151	785	10	1	1	1	0	
263	205	780	6	0	1	1	0	
264	95	855	6	1	1	0	1	
265	145	845	10	1	0	1	1	
266	104	685	10	0	0	1	1	
267	306	780	7	1	1	1	0	
268	88	615	6	1	0	1	1	
269	205	780	6	0	1	1	0	
270	1	705	6	0	1	1	1	
271	151	785	10	1	1	1	0	
272	1	705	6	0	1	1	1	
273	1	240	10	1	1	0	1	
274	145	845	10	1	0	1	1	
275	1	775	10	0	1	1	0	
276	236	970	5	1	1	1	0	
277	145	845	10	1	0	1	1	
278	145	845	10	1	0	1	1	
279	95	855	6	1	1	0	1	
280	306	780	7	1	1	1	0	
281	145	845	10	1	0	1	1	
282	145	845	10	1	0	1	1	
283	145	845	10	1	0	1	1	
284	61	555	8	0	1	1	1	
285	151	785	10	1	1	1	0	
286	95	855	6	1	1	0	1	
287	145	845	10	1	0	1	1	
288	151	785	10	1	1	1	0	
289	151	785	10	1	1	1	0	
290	1	705	6	0	1	1	1	
291	151	785	10	1	1	1	0	
292	1	705	6	0	1	1	1	
293	151	785	10	1	1	1	0	
294	145	845	10	1	0	1	1	
295	151	785	10	1	1	1	0	
296	145	845	10	1	0	1	1	
297	145	845	10	1	0	1	1	
298	95	855	6	1	1	0	1	
299	1	240	10	1	1	0	1	
300	145	845	10	1	0	1	1	
301	306	780	7	1	1	1	0	
302	236	970	5	1	1	1	0	
303	306	780	7	1	1	1	0	
304	236	970	5	1	1	1	0	
305	145	845	10	1	0	1	1	
306	102	725	5	1	1	0	1	
307	95	855	6	1	1	0	1	
308	236	970	5	1	1	1	0	
309	145	845	10	1	0	1	1	
310	151	785	10	1	1	1	0	
311	145	845	10	1	0	1	1	
312	236	970	5	1	1	1	0	
313	145	845	10	1	0	1	1	
314	151	785	10	1	1	1	0	
315	306	780	7	1	1	1	0	
316	145	845	10	1	0	1	1	
317	145	845	10	1	0	1	1	
318	1	240	10	1	1	0	1	
319	151	785	10	1	1	1	0	
320	297	660	6	0	1	1	1	
321	151	785	10	1	1	1	0	
322	95	855	6	1	1	0	1	
323	145	845	10	1	0	1	1	
324	145	845	10	1	0	1	1	
325	236	970	5	1	1	1	0	
326	1	705	6	0	1	1	1	
327	95	855	6	1	1	0	1	
328	297	660	6	0	1	1	1	
329	236	970	5	1	1	1	0	
330	236	970	5	1	1	1	0	
331	236	970	5	1	1	1	0	
332	145	845	10	1	0	1	1	
333	151	785	10	1	1	1	0	
334	236	970	5	1	1	1	0	
335	145	845	10	1	0	1	1	
336	145	845	10	1	0	1	1	
337	179	725	8	1	1	1	0	
338	236	970	5	1	1	1	0	
339	1	705	6	0	1	1	1	
340	145	845	10	1	0	1	1	
341	1	705	6	0	1	1	1	
342	236	970	5	1	1	1	0	
343	297	660	6	0	1	1	1	
344	297	660	6	0	1	1	1	
345	145	845	10	1	0	1	1	
346	145	845	10	1	0	1	1	
347	145	845	10	1	0	1	1	
348	1	240	10	1	1	0	1	
349	145	845	10	1	0	1	1	
350	145	845	10	1	0	1	1	
351	151	785	10	1	1	1	0	
352	95	855	6	1	1	0	1	
353	151	785	10	1	1	1	0	
354	1	705	6	0	1	1	1	
355	145	845	10	1	0	1	1	
356	145	845	10	1	0	1	1	
357	145	845	10	1	0	1	1	
358	205	780	6	0	1	1	0	
359	145	845	10	1	0	1	1	
360	236	970	5	1	1	1	0	
361	145	845	10	1	0	1	1	
362	145	845	10	1	0	1	1	
363	145	845	10	1	0	1	1	
364	151	785	10	1	1	1	0	
365	279	235	9	1	0	1	1	
366	145	845	10	1	0	1	1	
367	88	615	6	1	0	1	1	
368	236	970	5	1	1	1	0	
369	1	615	7	1	1	0	1	
370	297	660	6	0	1	1	1	
371	145	845	10	1	0	1	1	
372	145	845	10	1	0	1	1	
373	145	845	10	1	0	1	1	
374	297	660	6	0	1	1	1	
375	279	235	9	1	0	1	1	
376	145	845	10	1	0	1	1	
377	151	785	10	1	1	1	0	
378	236	970	5	1	1	1	0	
379	145	845	10	1	0	1	1	
380	145	845	10	1	0	1	1	
381	145	845	10	1	0	1	1	
382	145	845	10	1	0	1	1	
383	1	775	10	0	1	1	0	
384	151	785	10	1	1	1	0	
385	145	845	10	1	0	1	1	
386	145	845	10	1	0	1	1	
387	205	780	6	0	1	1	0	
388	306	780	7	1	1	1	0	
389	145	845	10	1	0	1	1	
390	145	845	10	1	0	1	1	
391	145	845	10	1	0	1	1	
392	236	970	5	1	1	1	0	
393	145	845	10	1	0	1	1	
394	145	845	10	1	0	1	1	
395	1	705	6	0	1	1	1	
396	151	785	10	1	1	1	0	
397	306	780	7	1	1	1	0	
398	236	970	5	1	1	1	0	
399	1	705	6	0	1	1	1	
400	205	780	6	0	1	1	0	
401	1	705	6	0	1	1	1	
402	145	845	10	1	0	1	1	
403	145	845	10	1	0	1	1	
404	151	785	10	1	1	1	0	
405	145	845	10	1	0	1	1	
406	236	970	5	1	1	1	0	
407	236	970	5	1	1	1	0	
408	297	660	6	0	1	1	1	
409	1	705	6	0	1	1	1	
410	306	780	7	1	1	1	0	
411	1	705	6	0	1	1	1	
412	145	845	10	1	0	1	1	
413	306	780	7	1	1	1	0	
414	145	845	10	1	0	1	1	
415	145	845	10	1	0	1	1	
416	151	785	10	1	1	1	0	
417	151	785	10	1	1	1	0	
418	297	660	6	0	1	1	1	
419	145	845	10	1	0	1	1	
420	1	705	6	0	1	1	1	
421	236	970	5	1	1	1	0	
422	145	845	10	1	0	1	1	
423	104	685	10	0	0	1	1	
424	236	970	5	1	1	1	0	
425	145	845	10	1	0	1	1	
426	1	705	6	0	1	1	1	
427	145	845	10	1	0	1	1	
428	95	855	6	1	1	0	1	
429	236	970	5	1	1	1	0	
430	145	845	10	1	0	1	1	
431	297	660	6	0	1	1	1	
432	193	835	9	1	0	0	0	
433	297	660	6	0	1	1	1	
434	145	845	10	1	0	1	1	
435	145	845	10	1	0	1	1	
436	145	845	10	1	0	1	1	
437	236	970	5	1	1	1	0	
438	145	845	10	1	0	1	1	
439	151	785	10	1	1	1	0	
440	145	845	10	1	0	1	1	
441	145	845	10	1	0	1	1	
442	297	660	6	0	1	1	1	
443	306	780	7	1	1	1	0	
444	145	845	10	1	0	1	1	
445	151	785	10	1	1	1	0	
446	151	785	10	1	1	1	0	
447	145	845	10	1	0	1	1	
448	306	780	7	1	1	1	0	
449	145	845	10	1	0	1	1	
450	145	845	10	1	0	1	1	
451	145	845	10	1	0	1	1	
452	306	780	7	1	1	1	0	
453	145	845	10	1	0	1	1	
454	145	845	10	1	0	1	1	
455	236	970	5	1	1	1	0	
456	145	845	10	1	0	1	1	
457	297	660	6	0	1	1	1	
458	236	970	5	1	1	1	0	
459	1	705	6	0	1	1	1	
460	151	785	10	1	1	1	0	
461	151	785	10	1	1	1	0	
462	145	845	10	1	0	1	1	
463	306	780	7	1	1	1	0	
464	236	970	5	1	1	1	0	
465	236	970	5	1	1	1	0	
466	145	845	10	1	0	1	1	
467	297	660	6	0	1	1	1	
468	1	705	6	0	1	1	1	
469	297	660	6	0	1	1	1	
470	151	785	10	1	1	1	0	
471	145	845	10	1	0	1	1	
472	151	785	10	1	1	1	0	
473	1	705	6	0	1	1	1	
474	236	970	5	1	1	1	0	
475	183	745	6	0	1	1	1	
476	145	845	10	1	0	1	1	
477	236	970	5	1	1	1	0	
478	145	845	10	1	0	1	1	
479	145	845	10	1	0	1	1	
480	236	970	5	1	1	1	0	
481	95	855	6	1	1	0	1	
482	205	780	6	0	1	1	0	
483	145	845	10	1	0	1	1	
484	151	785	10	1	1	1	0	
485	306	780	7	1	1	1	0	
486	145	845	10	1	0	1	1	
487	151	785	10	1	1	1	0	
488	145	845	10	1	0	1	1	
489	151	785	10	1	1	1	0	
490	236	970	5	1	1	1	0	
491	236	970	5	1	1	1	0	
492	205	780	6	0	1	1	0	
493	145	845	10	1	0	1	1	
494	145	845	10	1	0	1	1	
495	306	780	7	1	1	1	0	
496	236	970	5	1	1	1	0	
497	95	855	6	1	1	0	1	
498	179	725	8	1	1	1	0	
499	151	785	10	1	1	1	0	
500	145	845	10	1	0	1	1	
501	145	845	10	1	0	1	1	
502	95	855	6	1	1	0	1	
503	145	845	10	1	0	1	1	
504	145	845	10	1	0	1	1	
505	145	845	10	1	0	1	1	
506	145	845	10	1	0	1	1	
507	145	845	10	1	0	1	1	
508	236	970	5	1	1	1	0	
509	193	835	9	1	0	0	0	
510	145	845	10	1	0	1	1	
511	145	845	10	1	0	1	1	
512	236	970	5	1	1	1	0	
513	145	845	10	1	0	1	1	
514	1	705	6	0	1	1	1	
515	145	845	10	1	0	1	1	
516	151	785	10	1	1	1	0	
517	145	845	10	1	0	1	1	
518	236	970	5	1	1	1	0	
519	151	785	10	1	1	1	0	
520	1	705	6	0	1	1	1	
521	151	785	10	1	1	1	0	
522	145	845	10	1	0	1	1	
523	297	660	6	0	1	1	1	
524	1	705	6	0	1	1	1	
525	145	845	10	1	0	1	1	
526	236	970	5	1	1	1	0	
527	236	970	5	1	1	1	0	
528	145	845	10	1	0	1	1	
529	236	970	5	1	1	1	0	
530	236	970	5	1	1	1	0	
531	1	240	10	1	1	0	1	
532	1	705	6	0	1	1	1	
533	236	970	5	1	1	1	0	
534	151	785	10	1	1	1	0	
535	145	845	10	1	0	1	1	
536	145	845	10	1	0	1	1	
537	61	555	8	0	1	1	1	
538	306	780	7	1	1	1	0	
539	236	970	5	1	1	1	0	
540	145	845	10	1	0	1	1	
541	145	845	10	1	0	1	1	
542	145	845	10	1	0	1	1	
543	236	970	5	1	1	1	0	
544	145	845	10	1	0	1	1	
545	236	970	5	1	1	1	0	
546	145	845	10	1	0	1	1	
547	306	780	7	1	1	1	0	
548	297	660	6	0	1	1	1	
549	145	845	10	1	0	1	1	
550	88	615	6	1	0	1	1	
551	205	780	6	0	1	1	0	
552	145	845	10	1	0	1	1	
553	145	845	10	1	0	1	1	
554	306	780	7	1	1	1	0	
555	297	660	6	0	1	1	1	
556	297	660	6	0	1	1	1	
557	145	845	10	1	0	1	1	
558	95	855	6	1	1	0	1	
559	151	785	10	1	1	1	0	
560	236	970	5	1	1	1	0	
561	145	845	10	1	0	1	1	
562	151	785	10	1	1	1	0	
563	95	855	6	1	1	0	1	
564	95	855	6	1	1	0	1	
565	145	845	10	1	0	1	1	
566	145	845	10	1	0	1	1	
567	236	970	5	1	1	1	0	
568	145	845	10	1	0	1	1	
569	236	970	5	1	1	1	0	
570	151	785	10	1	1	1	0	
571	236	970	5	1	1	1	0	
572	145	845	10	1	0	1	1	
573	306	780	7	1	1	1	0	
574	224	390	8	1	0	1	1	
575	1	705	6	0	1	1	1	
576	236	970	5	1	1	1	0	
577	145	845	10	1	0	1	1	
578	1	705	6	0	1	1	1	
579	236	970	5	1	1	1	0	
580	145	845	10	1	0	1	1	
581	145	845	10	1	0	1	1	
582	145	845	10	1	0	1	1	
583	306	780	7	1	1	1	0	
584	145	845	10	1	0	1	1	
585	145	845	10	1	0	1	1	
586	205	780	6	0	1	1	0	
587	145	845	10	1	0	1	1	
588	151	785	10	1	1	1	0	
589	145	845	10	1	0	1	1	
590	102	725	5	1	1	0	1	
591	145	845	10	1	0	1	1	
592	1	705	6	0	1	1	1	
593	145	845	10	1	0	1	1	
594	224	390	8	1	0	1	1	
595	145	845	10	1	0	1	1	
596	297	660	6	0	1	1	1	
597	145	845	10	1	0	1	1	
598	145	845	10	1	0	1	1	
599	306	780	7	1	1	1	0	
600	1	705	6	0	1	1	1	
601	145	845	10	1	0	1	1	
602	236	970	5	1	1	1	0	
603	151	785	10	1	1	1	0	
604	104	685	10	0	0	1	1	
605	306	780	7	1	1	1	0	
606	145	845	10	1	0	1	1	
607	151	785	10	1	1	1	0	
608	145	845	10	1	0	1	1	
609	145	845	10	1	0	1	1	
610	193	835	9	1	0	0	0	
611	297	660	6	0	1	1	1	
612	179	725	8	1	1	1	0	
613	151	785	10	1	1	1	0	
614	236	970	5	1	1	1	0	
615	236	970	5	1	1	1	0	
616	145	845	10	1	0	1	1	
617	236	970	5	1	1	1	0	
618	306	780	7	1	1	1	0	
619	145	845	10	1	0	1	1	
620	151	785	10	1	1	1	0	
621	1	705	6	0	1	1	1	
622	95	855	6	1	1	0	1	
623	236	970	5	1	1	1	0	
624	297	660	6	0	1	1	1	
625	145	845	10	1	0	1	1	
626	236	970	5	1	1	1	0	
627	95	855	6	1	1	0	1	
628	151	785	10	1	1	1	0	
629	236	970	5	1	1	1	0	
630	145	845	10	1	0	1	1	
631	145	845	10	1	0	1	1	
632	102	725	5	1	1	0	1	
633	205	780	6	0	1	1	0	
634	95	855	6	1	1	0	1	
635	145	845	10	1	0	1	1	
636	236	970	5	1	1	1	0	
637	236	970	5	1	1	1	0	
638	145	845	10	1	0	1	1	
639	145	845	10	1	0	1	1	
640	145	845	10	1	0	1	1	
641	236	970	5	1	1	1	0	
642	236	970	5	1	1	1	0	
643	145	845	10	1	0	1	1	
644	236	970	5	1	1	1	0	
645	224	390	8	1	0	1	1	
646	145	845	10	1	0	1	1	
647	95	855	6	1	1	0	1	
648	145	845	10	1	0	1	1	
649	236	970	5	1	1	1	0	
650	1	705	6	0	1	1	1	
651	145	845	10	1	0	1	1	
652	145	845	10	1	0	1	1	
653	151	785	10	1	1	1	0	
654	61	555	8	0	1	1	1	
655	145	845	10	1	0	1	1	
656	145	845	10	1	0	1	1	
657	1	705	6	0	1	1	1	
658	236	970	5	1	1	1	0	
659	224	390	8	1	0	1	1	
660	145	845	10	1	0	1	1	
661	145	845	10	1	0	1	1	
662	205	780	6	0	1	1	0	
663	1	705	6	0	1	1	1	
664	1	705	6	0	1	1	1	
665	151	785	10	1	1	1	0	
666	151	785	10	1	1	1	0	
667	1	705	6	0	1	1	1	
668	145	845	10	1	0	1	1	
669	145	845	10	1	0	1	1	
670	297	660	6	0	1	1	1	
671	61	555	8	0	1	1	1	
672	145	845	10	1	0	1	1	
673	145	845	10	1	0	1	1	
674	179	725	8	1	1	1	0	
675	1	850	7	1	0	0	0	
676	61	555	8	0	1	1	1	
677	151	785	10	1	1	1	0	
678	145	845	10	1	0	1	1	
679	145	845	10	1	0	1	1	
680	145	845	10	1	0	1	1	
681	151	785	10	1	1	1	0	
682	236	970	5	1	1	1	0	
683	236	970	5	1	1	1	0	
684	95	855	6	1	1	0	1	
685	145	845	10	1	0	1	1	
686	145	845	10	1	0	1	1	
687	145	845	10	1	0	1	1	
688	236	970	5	1	1	1	0	
689	145	845	10	1	0	1	1	
690	151	785	10	1	1	1	0	
691	236	970	5	1	1	1	0	
692	145	845	10	1	0	1	1	
693	145	845	10	1	0	1	1	
694	151	785	10	1	1	1	0	
695	1	705	6	0	1	1	1	
696	236	970	5	1	1	1	0	
697	224	390	8	1	0	1	1	
698	145	845	10	1	0	1	1	
699	145	845	10	1	0	1	1	
700	297	660	6	0	1	1	1	
701	145	845	10	1	0	1	1	
702	151	785	10	1	1	1	0	
703	236	970	5	1	1	1	0	
704	145	845	10	1	0	1	1	
705	205	780	6	0	1	1	0	
706	145	845	10	1	0	1	1	
707	145	845	10	1	0	1	1	
708	145	845	10	1	0	1	1	
709	145	845	10	1	0	1	1	
710	236	970	5	1	1	1	0	
711	236	970	5	1	1	1	0	
712	151	785	10	1	1	1	0	
713	1	400	6	1	1	0	1	
714	236	970	5	1	1	1	0	
715	145	845	10	1	0	1	1	
716	236	970	5	1	1	1	0	
717	151	785	10	1	1	1	0	
718	236	970	5	1	1	1	0	
719	151	785	10	1	1	1	0	
720	145	845	10	1	0	1	1	
721	145	845	10	1	0	1	1	
722	306	780	7	1	1	1	0	
723	145	845	10	1	0	1	1	
724	151	785	10	1	1	1	0	
725	205	780	6	0	1	1	0	
726	151	785	10	1	1	1	0	
727	145	845	10	1	0	1	1	
728	151	785	10	1	1	1	0	
729	1	705	6	0	1	1	1	
730	205	780	6	0	1	1	0	
731	145	845	10	1	0	1	1	
732	236	970	5	1	1	1	0	
733	145	845	10	1	0	1	1	
734	145	845	10	1	0	1	1	
735	236	970	5	1	1	1	0	
736	297	660	6	0	1	1	1	
737	179	725	8	1	1	1	0	
738	151	785	10	1	1	1	0	
739	151	785	10	1	1	1	0	
740	151	785	10	1	1	1	0	
741	102	725	5	1	1	0	1	
742	1	705	6	0	1	1	1	
743	1	705	6	0	1	1	1	
744	1	705	6	0	1	1	1	
745	145	845	10	1	0	1	1	
746	236	970	5	1	1	1	0	
747	151	785	10	1	1	1	0	
748	151	785	10	1	1	1	0	
749	145	845	10	1	0	1	1	
750	145	845	10	1	0	1	1	
751	236	970	5	1	1	1	0	
752	297	660	6	0	1	1	1	
753	145	845	10	1	0	1	1	
754	145	845	10	1	0	1	1	
755	145	845	10	1	0	1	1	
756	145	845	10	1	0	1	1	
757	1	705	6	0	1	1	1	
758	145	845	10	1	0	1	1	
759	1	705	6	0	1	1	1	
760	61	555	8	0	1	1	1	
761	236	970	5	1	1	1	0	
762	145	845	10	1	0	1	1	
763	306	780	7	1	1	1	0	
764	145	845	10	1	0	1	1	
765	61	555	8	0	1	1	1	
766	236	970	5	1	1	1	0	
767	145	845	10	1	0	1	1	
768	151	785	10	1	1	1	0	
769	151	785	10	1	1	1	0	
770	193	835	9	1	0	0	0	
771	1	775	10	0	1	1	0	
772	306	780	7	1	1	1	0	
773	145	845	10	1	0	1	1	
774	145	845	10	1	0	1	1	
775	145	845	10	1	0	1	1	
776	236	970	5	1	1	1	0	
777	236	970	5	1	1	1	0	
778	145	845	10	1	0	1	1	
779	145	845	10	1	0	1	1	
780	145	845	10	1	0	1	1	
781	145	845	10	1	0	1	1	
782	145	845	10	1	0	1	1	
783	145	845	10	1	0	1	1	
784	145	845	10	1	0	1	1	
785	145	845	10	1	0	1	1	
786	145	845	10	1	0	1	1	
787	236	970	5	1	1	1	0	
788	1	705	6	0	1	1	1	
789	306	780	7	1	1	1	0	
790	250	720	10	0	0	1	0	
791	297	660	6	0	1	1	1	
792	236	970	5	1	1	1	0	
793	236	970	5	1	1	1	0	
794	145	845	10	1	0	1	1	
795	236	970	5	1	1	1	0	
796	145	845	10	1	0	1	1	
797	145	845	10	1	0	1	1	
798	1	705	6	0	1	1	1	
799	179	725	8	1	1	1	0	
800	151	785	10	1	1	1	0	
801	145	845	10	1	0	1	1	
802	1	705	6	0	1	1	1	
803	236	970	5	1	1	1	0	
804	145	845	10	1	0	1	1	
805	306	780	7	1	1	1	0	
806	1	705	6	0	1	1	1	
807	236	970	5	1	1	1	0	
808	145	845	10	1	0	1	1	
809	145	845	10	1	0	1	1	
810	145	845	10	1	0	1	1	
811	306	780	7	1	1	1	0	
812	145	845	10	1	0	1	1	
813	1	705	6	0	1	1	1	
814	224	390	8	1	0	1	1	
815	236	970	5	1	1	1	0	
816	151	785	10	1	1	1	0	
817	236	970	5	1	1	1	0	
818	236	970	5	1	1	1	0	
819	306	780	7	1	1	1	0	
820	145	845	10	1	0	1	1	
821	95	855	6	1	1	0	1	
822	236	970	5	1	1	1	0	
823	297	660	6	0	1	1	1	
824	88	615	6	1	0	1	1	
825	236	970	5	1	1	1	0	
826	145	845	10	1	0	1	1	
827	236	970	5	1	1	1	0	
828	236	970	5	1	1	1	0	
829	297	660	6	0	1	1	1	
830	236	970	5	1	1	1	0	
831	88	615	6	1	0	1	1	
832	1	705	6	0	1	1	1	
833	236	970	5	1	1	1	0	
834	236	970	5	1	1	1	0	
835	145	845	10	1	0	1	1	
836	1	705	6	0	1	1	1	
837	297	660	6	0	1	1	1	
838	145	845	10	1	0	1	1	
839	1	705	6	0	1	1	1	
840	236	970	5	1	1	1	0	
841	104	685	10	0	0	1	1	
842	145	845	10	1	0	1	1	
843	1	705	6	0	1	1	1	
844	95	855	6	1	1	0	1	
845	151	785	10	1	1	1	0	
846	179	725	8	1	1	1	0	
847	145	845	10	1	0	1	1	
848	145	845	10	1	0	1	1	
849	236	970	5	1	1	1	0	
850	61	555	8	0	1	1	1	
851	151	785	10	1	1	1	0	
852	1	705	6	0	1	1	1	
853	151	785	10	1	1	1	0	
854	306	780	7	1	1	1	0	
855	145	845	10	1	0	1	1	
856	151	785	10	1	1	1	0	
857	88	615	6	1	0	1	1	
858	145	845	10	1	0	1	1	
859	145	845	10	1	0	1	1	
860	145	845	10	1	0	1	1	
861	236	970	5	1	1	1	0	
862	151	785	10	1	1	1	0	
863	236	970	5	1	1	1	0	
864	145	845	10	1	0	1	1	
865	145	845	10	1	0	1	1	
866	145	845	10	1	0	1	1	
867	95	855	6	1	1	0	1	
868	151	785	10	1	1	1	0	
869	145	845	10	1	0	1	1	
870	145	845	10	1	0	1	1	
871	1	705	6	0	1	1	1	
872	1	705	6	0	1	1	1	
873	236	970	5	1	1	1	0	
874	236	970	5	1	1	1	0	
875	145	845	10	1	0	1	1	
876	306	780	7	1	1	1	0	
877	306	780	7	1	1	1	0	
878	236	970	5	1	1	1	0	
879	145	845	10	1	0	1	1	
880	151	785	10	1	1	1	0	
881	236	970	5	1	1	1	0	
882	306	780	7	1	1	1	0	
883	145	845	10	1	0	1	1	
884	145	845	10	1	0	1	1	
885	236	970	5	1	1	1	0	
886	151	785	10	1	1	1	0	
887	1	705	6	0	1	1	1	
888	306	780	7	1	1	1	0	
889	145	845	10	1	0	1	1	
890	236	970	5	1	1	1	0	
891	236	970	5	1	1	1	0	
892	145	845	10	1	0	1	1	
893	151	785	10	1	1	1	0	
894	1	705	6	0	1	1	1	
895	145	845	10	1	0	1	1	
896	236	970	5	1	1	1	0	
897	20	985	6	1	0	0	0	
898	145	845	10	1	0	1	1	
899	1	705	6	0	1	1	1	
900	151	785	10	1	1	1	0	
901	151	785	10	1	1	1	0	
902	236	970	5	1	1	1	0	
903	145	845	10	1	0	1	1	
904	145	845	10	1	0	1	1	
905	151	785	10	1	1	1	0	
906	95	855	6	1	1	0	1	
907	145	845	10	1	0	1	1	
908	236	970	5	1	1	1	0	
909	145	845	10	1	0	1	1	
910	145	845	10	1	0	1	1	
911	1	705	6	0	1	1	1	
912	145	845	10	1	0	1	1	
913	236	970	5	1	1	1	0	
914	236	970	5	1	1	1	0	
915	297	660	6	0	1	1	1	
916	145	845	10	1	0	1	1	
917	236	970	5	1	1	1	0	
918	145	845	10	1	0	1	1	
919	145	845	10	1	0	1	1	
920	152	415	6	0	0	1	1	
921	236	970	5	1	1	1	0	
922	145	845	10	1	0	1	1	
923	145	845	10	1	0	1	1	
924	236	970	5	1	1	1	0	
925	145	845	10	1	0	1	1	
926	145	845	10	1	0	1	1	
927	236	970	5	1	1	1	0	
928	104	685	10	0	0	1	1	
929	306	780	7	1	1	1	0	
930	95	855	6	1	1	0	1	
931	145	845	10	1	0	1	1	
932	297	660	6	0	1	1	1	
933	145	845	10	1	0	1	1	
934	1	705	6	0	1	1	1	
935	145	845	10	1	0	1	1	
936	205	780	6	0	1	1	0	
937	1	705	6	0	1	1	1	
938	1	705	6	0	1	1	1	
939	151	785	10	1	1	1	0	
940	151	785	10	1	1	1	0	
941	236	970	5	1	1	1	0	
942	145	845	10	1	0	1	1	
943	151	785	10	1	1	1	0	
944	205	780	6	0	1	1	0	
945	145	845	10	1	0	1	1	
946	236	970	5	1	1	1	0	
947	145	845	10	1	0	1	1	
948	145	845	10	1	0	1	1	
949	236	970	5	1	1	1	0	
950	145	845	10	1	0	1	1	

