DATASET = ORTEC Early VeRoLog 2019 - easy
NAME = Instance 23 easy

DAYS = 35
TRUCK_CAPACITY = 18
TRUCK_MAX_DISTANCE = 1565

TRUCK_DISTANCE_COST = 10
TRUCK_DAY_COST = 100000
TRUCK_COST = 100000
TECHNICIAN_DISTANCE_COST = 10
TECHNICIAN_DAY_COST = 100000
TECHNICIAN_COST = 1000

MACHINES = 5
	1	7	190
	2	5	130
	3	6	865
	4	7	740
	5	5	550

LOCATIONS = 257
	1	560	28
	2	539	140
	3	250	354
	4	319	437
	5	280	304
	6	315	464
	7	777	646
	8	641	551
	9	522	749
	10	737	482
	11	235	369
	12	714	355
	13	245	348
	14	463	372
	15	140	327
	16	514	738
	17	577	478
	18	516	359
	19	201	345
	20	248	349
	21	325	480
	22	281	404
	23	267	511
	24	199	315
	25	349	397
	26	501	729
	27	507	306
	28	188	368
	29	521	311
	30	309	370
	31	322	483
	32	450	384
	33	373	443
	34	209	401
	35	434	508
	36	507	304
	37	514	326
	38	242	339
	39	348	513
	40	221	325
	41	627	336
	42	282	550
	43	250	333
	44	268	303
	45	82	284
	46	516	493
	47	418	279
	48	547	426
	49	270	369
	50	276	537
	51	328	508
	52	541	359
	53	364	395
	54	384	391
	55	272	443
	56	547	742
	57	262	373
	58	252	341
	59	147	337
	60	512	28
	61	296	508
	62	376	428
	63	503	681
	64	666	649
	65	293	465
	66	304	489
	67	557	36
	68	471	327
	69	517	87
	70	325	480
	71	490	517
	72	545	430
	73	309	458
	74	450	676
	75	366	391
	76	283	244
	77	532	716
	78	411	403
	79	445	292
	80	364	373
	81	452	249
	82	184	338
	83	279	376
	84	425	412
	85	300	340
	86	304	470
	87	543	53
	88	234	335
	89	534	642
	90	292	462
	91	383	471
	92	540	764
	93	340	420
	94	193	314
	95	275	560
	96	276	438
	97	256	466
	98	252	336
	99	707	434
	100	480	361
	101	292	407
	102	736	431
	103	455	192
	104	333	450
	105	345	638
	106	513	317
	107	219	345
	108	312	462
	109	225	326
	110	590	670
	111	534	642
	112	332	442
	113	262	479
	114	87	232
	115	331	358
	116	272	304
	117	204	184
	118	236	416
	119	187	384
	120	30	215
	121	254	324
	122	580	576
	123	665	357
	124	575	416
	125	304	559
	126	484	137
	127	257	460
	128	386	431
	129	718	448
	130	465	699
	131	196	372
	132	338	391
	133	489	13
	134	383	348
	135	660	718
	136	256	327
	137	550	585
	138	509	261
	139	263	239
	140	295	433
	141	104	206
	142	702	556
	143	209	337
	144	262	506
	145	666	725
	146	590	728
	147	91	224
	148	239	384
	149	418	403
	150	440	190
	151	302	248
	152	314	461
	153	542	419
	154	365	384
	155	323	479
	156	700	737
	157	255	328
	158	309	458
	159	745	581
	160	560	395
	161	504	680
	162	245	470
	163	288	544
	164	461	338
	165	585	570
	166	534	45
	167	186	374
	168	600	692
	169	535	292
	170	193	374
	171	326	262
	172	351	555
	173	536	415
	174	302	435
	175	630	371
	176	334	312
	177	559	42
	178	543	431
	179	318	466
	180	428	709
	181	236	340
	182	640	323
	183	147	337
	184	491	141
	185	707	760
	186	255	497
	187	200	387
	188	341	564
	189	395	417
	190	322	295
	191	166	335
	192	227	256
	193	384	450
	194	296	463
	195	684	454
	196	375	428
	197	544	715
	198	515	356
	199	371	283
	200	202	377
	201	375	228
	202	398	481
	203	294	444
	204	351	559
	205	294	242
	206	689	772
	207	494	358
	208	667	542
	209	291	511
	210	518	337
	211	197	184
	212	506	475
	213	206	314
	214	672	470
	215	326	458
	216	543	347
	217	256	468
	218	249	345
	219	321	468
	220	175	383
	221	192	241
	222	503	27
	223	233	342
	224	318	481
	225	320	467
	226	620	445
	227	215	390
	228	360	327
	229	225	219
	230	308	324
	231	373	425
	232	524	398
	233	541	326
	234	521	317
	235	581	173
	236	245	350
	237	423	191
	238	290	555
	239	518	317
	240	430	197
	241	249	337
	242	357	285
	243	204	385
	244	481	662
	245	406	294
	246	536	416
	247	774	715
	248	470	263
	249	731	740
	250	247	442
	251	195	318
	252	583	441
	253	162	312
	254	283	545
	255	496	735
	256	487	613
	257	303	448

REQUESTS = 750
	1	145	1	3	2	1
	2	207	1	5	3	1
	3	42	1	2	3	2
	4	211	1	6	2	1
	5	100	1	5	3	3
	6	90	1	2	5	2
	7	225	1	4	5	1
	8	141	1	2	1	1
	9	132	1	6	3	1
	10	23	1	5	3	3
	11	142	1	3	4	1
	12	168	1	2	3	3
	13	139	1	2	5	3
	14	87	1	6	4	1
	15	211	1	2	5	3
	16	170	1	5	3	3
	17	250	1	5	3	3
	18	226	1	6	1	2
	19	141	1	2	3	3
	20	69	1	2	1	1
	21	58	1	6	5	3
	22	40	1	3	3	1
	23	239	1	6	4	1
	24	56	1	3	3	3
	25	192	2	7	4	2
	26	92	2	4	1	1
	27	206	2	4	2	3
	28	188	2	5	4	1
	29	80	2	3	1	2
	30	218	2	4	3	1
	31	150	2	7	5	2
	32	182	2	5	1	2
	33	158	2	5	1	2
	34	250	2	4	3	3
	35	53	2	4	5	2
	36	224	2	3	1	2
	37	34	2	4	5	2
	38	128	2	7	1	2
	39	181	2	4	1	2
	40	200	2	7	2	2
	41	162	2	4	1	1
	42	161	2	5	5	3
	43	214	2	3	3	1
	44	132	2	5	4	2
	45	219	2	5	3	1
	46	120	2	6	4	2
	47	50	2	3	4	2
	48	71	2	7	2	1
	49	206	2	5	3	2
	50	59	2	7	4	2
	51	99	2	3	3	1
	52	55	2	4	3	3
	53	94	2	3	4	1
	54	77	2	7	4	2
	55	138	2	4	2	1
	56	119	2	3	5	2
	57	2	3	5	4	2
	58	190	3	5	2	2
	59	89	3	7	4	2
	60	230	3	7	5	2
	61	193	3	8	2	2
	62	67	3	5	3	1
	63	124	3	8	1	1
	64	194	3	7	5	1
	65	166	3	5	2	1
	66	175	3	7	5	1
	67	142	3	6	2	3
	68	152	3	5	2	1
	69	93	3	8	4	2
	70	249	3	6	1	2
	71	113	3	7	5	2
	72	139	3	5	5	3
	73	57	3	5	3	2
	74	243	3	6	4	2
	75	193	3	4	1	2
	76	31	3	8	2	1
	77	234	3	8	2	2
	78	154	3	5	3	1
	79	98	4	9	5	3
	80	13	4	8	5	1
	81	196	4	8	5	3
	82	184	4	9	4	1
	83	189	4	8	5	1
	84	62	4	5	1	1
	85	216	4	6	2	1
	86	155	4	8	2	3
	87	163	4	8	5	3
	88	147	4	5	5	3
	89	7	4	7	2	1
	90	129	4	5	1	2
	91	174	4	5	4	1
	92	170	4	9	2	2
	93	75	4	8	5	3
	94	220	4	6	5	1
	95	156	4	6	3	3
	96	141	4	5	4	1
	97	61	4	7	3	3
	98	232	4	9	3	2
	99	233	4	6	3	3
	100	210	5	8	1	1
	101	114	5	9	5	2
	102	113	5	8	1	1
	103	62	5	6	4	2
	104	110	5	10	1	1
	105	204	5	7	1	2
	106	116	5	7	1	2
	107	246	5	8	2	1
	108	146	5	9	5	1
	109	15	5	7	5	2
	110	17	5	7	4	1
	111	179	5	7	2	1
	112	143	5	6	3	3
	113	195	5	9	4	1
	114	87	5	7	1	1
	115	169	5	8	4	2
	116	226	5	7	1	1
	117	158	6	10	5	3
	118	123	6	11	4	2
	119	67	6	7	3	3
	120	41	6	11	3	1
	121	202	6	7	5	1
	122	63	6	9	4	2
	123	183	6	9	5	3
	124	44	6	10	4	2
	125	240	6	9	2	3
	126	203	6	10	2	3
	127	23	6	9	1	1
	128	187	6	11	4	2
	129	79	6	7	4	2
	130	152	6	10	1	1
	131	251	6	11	4	2
	132	166	6	11	3	2
	133	204	6	11	5	1
	134	178	6	9	1	2
	135	206	6	7	3	1
	136	125	6	8	3	3
	137	30	6	11	1	1
	138	50	6	11	3	2
	139	144	6	11	2	3
	140	204	6	10	2	1
	141	191	7	12	1	2
	142	244	7	9	3	2
	143	186	7	8	1	1
	144	134	7	8	5	1
	145	155	7	9	3	3
	146	36	7	12	5	1
	147	232	7	9	5	2
	148	143	7	10	1	2
	149	203	7	10	1	1
	150	236	7	11	5	2
	151	80	7	12	2	1
	152	71	7	10	5	2
	153	137	7	12	2	3
	154	69	7	10	2	3
	155	14	7	8	2	3
	156	232	7	8	5	3
	157	207	7	11	1	1
	158	120	7	8	1	1
	159	89	7	12	5	2
	160	206	7	12	3	1
	161	204	7	11	4	2
	162	98	7	11	1	2
	163	223	7	12	5	2
	164	224	7	8	3	1
	165	235	7	8	3	3
	166	109	7	8	3	2
	167	72	7	12	5	2
	168	241	8	10	4	2
	169	72	8	10	1	2
	170	193	8	10	1	2
	171	123	8	10	5	2
	172	159	8	12	1	2
	173	87	8	10	2	3
	174	102	8	13	5	1
	175	209	8	10	1	2
	176	47	8	13	1	1
	177	214	8	9	3	2
	178	182	8	11	2	2
	179	117	8	10	4	1
	180	239	8	11	5	3
	181	15	8	9	3	3
	182	69	8	11	1	1
	183	17	8	13	2	3
	184	173	8	10	5	1
	185	48	8	10	5	1
	186	117	8	9	3	3
	187	173	8	12	2	3
	188	178	8	11	1	1
	189	104	8	9	1	1
	190	230	8	13	2	2
	191	115	8	9	2	2
	192	250	8	9	1	2
	193	23	8	12	2	2
	194	160	8	10	4	2
	195	128	8	12	4	1
	196	43	8	13	1	1
	197	93	8	13	4	1
	198	162	8	10	5	3
	199	122	8	10	2	1
	200	72	9	10	5	1
	201	218	9	10	4	2
	202	246	9	10	2	2
	203	141	9	13	3	3
	204	215	9	10	2	3
	205	10	9	13	4	1
	206	136	9	14	1	1
	207	92	9	14	2	3
	208	115	9	14	4	2
	209	33	9	12	2	3
	210	124	9	12	4	2
	211	170	9	10	3	2
	212	132	9	12	2	1
	213	230	9	10	3	3
	214	96	9	11	4	1
	215	132	9	10	4	2
	216	160	9	10	5	1
	217	246	9	12	3	2
	218	43	9	11	3	2
	219	98	9	11	4	1
	220	109	9	12	4	2
	221	191	9	12	5	1
	222	120	10	11	5	3
	223	28	10	14	5	3
	224	84	10	14	2	1
	225	42	10	14	5	2
	226	10	10	11	1	2
	227	162	10	13	5	2
	228	132	10	15	1	2
	229	77	10	15	1	2
	230	146	10	12	1	2
	231	247	10	12	4	2
	232	200	10	13	2	3
	233	191	10	14	2	2
	234	106	10	15	5	2
	235	241	10	15	1	1
	236	12	10	12	3	1
	237	159	10	15	3	1
	238	124	10	11	5	3
	239	188	10	15	1	1
	240	121	10	12	2	2
	241	60	10	13	2	2
	242	176	10	11	2	1
	243	2	10	15	2	3
	244	71	10	15	3	2
	245	108	10	14	1	2
	246	225	10	11	4	1
	247	175	10	14	3	3
	248	5	10	11	1	1
	249	186	10	11	1	1
	250	75	10	12	2	2
	251	237	10	14	4	2
	252	57	10	13	5	2
	253	131	10	11	2	2
	254	11	10	12	4	1
	255	170	10	14	1	2
	256	141	10	15	3	2
	257	132	11	16	2	1
	258	51	11	13	3	3
	259	85	11	16	5	1
	260	76	11	14	2	2
	261	54	11	13	4	1
	262	116	11	12	1	2
	263	199	11	15	1	2
	264	125	11	12	2	2
	265	249	11	16	2	2
	266	23	11	12	4	2
	267	187	11	16	3	1
	268	231	11	15	3	3
	269	93	11	14	1	2
	270	86	11	16	2	1
	271	25	11	14	1	2
	272	204	11	15	1	2
	273	153	11	16	1	1
	274	167	11	15	3	3
	275	52	11	16	1	2
	276	84	11	12	4	2
	277	134	11	14	1	2
	278	191	11	15	1	1
	279	7	11	13	1	2
	280	170	11	16	3	2
	281	40	12	16	3	2
	282	35	12	13	5	2
	283	81	12	17	4	2
	284	189	12	16	1	2
	285	56	12	17	5	3
	286	89	12	15	5	2
	287	105	12	15	4	2
	288	71	12	16	4	2
	289	243	12	14	4	2
	290	110	12	16	3	2
	291	238	12	13	2	3
	292	149	12	16	4	2
	293	96	12	16	5	3
	294	193	12	15	5	1
	295	171	12	17	2	2
	296	169	12	13	1	2
	297	243	12	14	5	3
	298	23	12	17	5	2
	299	75	12	16	5	1
	300	205	12	17	1	2
	301	9	12	15	5	2
	302	104	12	14	4	2
	303	207	12	16	4	1
	304	208	12	14	2	1
	305	103	13	16	2	2
	306	16	13	15	4	2
	307	195	13	18	4	1
	308	99	13	14	3	2
	309	201	13	18	3	2
	310	142	13	18	2	1
	311	215	13	15	2	3
	312	136	13	18	1	1
	313	217	13	15	4	1
	314	228	13	15	3	3
	315	161	13	15	3	1
	316	176	13	15	4	1
	317	83	13	16	3	2
	318	174	13	15	5	1
	319	77	13	18	3	2
	320	250	13	17	2	2
	321	219	13	14	4	2
	322	182	13	18	1	1
	323	133	13	15	4	1
	324	69	13	16	1	1
	325	102	13	17	3	2
	326	95	13	14	5	3
	327	40	13	17	3	2
	328	103	13	14	5	2
	329	8	13	14	2	1
	330	241	13	15	5	2
	331	145	14	18	4	1
	332	33	14	17	4	1
	333	57	14	18	3	2
	334	135	14	15	4	1
	335	84	14	18	5	2
	336	162	14	15	3	2
	337	70	14	19	4	2
	338	44	14	16	5	1
	339	43	14	19	2	2
	340	36	14	19	3	2
	341	95	14	17	2	3
	342	174	14	17	5	1
	343	31	14	16	3	1
	344	120	14	16	4	2
	345	251	14	16	2	2
	346	109	14	17	1	2
	347	138	14	19	2	3
	348	208	14	16	1	1
	349	6	14	19	1	1
	350	219	14	19	1	2
	351	152	14	17	3	2
	352	230	14	18	5	1
	353	172	14	17	3	3
	354	7	14	15	4	1
	355	198	14	19	1	1
	356	100	14	15	5	1
	357	218	14	18	1	1
	358	213	14	16	5	3
	359	136	14	16	2	1
	360	184	14	17	3	1
	361	236	14	18	4	2
	362	187	15	16	1	2
	363	55	15	17	5	3
	364	23	15	17	1	2
	365	57	15	20	1	1
	366	248	15	19	4	1
	367	135	15	19	4	1
	368	80	15	20	5	1
	369	192	15	17	1	2
	370	237	15	19	1	1
	371	109	15	16	5	2
	372	237	15	20	5	2
	373	226	15	20	3	2
	374	25	15	16	4	1
	375	23	15	20	4	1
	376	81	15	20	1	1
	377	106	15	16	3	3
	378	75	15	16	4	1
	379	207	15	20	3	3
	380	105	15	20	4	2
	381	225	15	19	4	1
	382	132	15	19	1	1
	383	241	15	16	2	1
	384	187	15	18	3	1
	385	30	15	17	4	1
	386	239	15	20	4	1
	387	56	16	18	4	1
	388	145	16	17	1	1
	389	63	16	17	3	2
	390	80	16	18	5	3
	391	64	16	20	3	1
	392	168	16	17	2	2
	393	15	16	18	4	1
	394	8	16	19	2	2
	395	109	16	20	5	2
	396	102	16	17	4	1
	397	187	16	21	2	1
	398	224	16	21	1	2
	399	246	16	19	1	1
	400	92	16	17	2	1
	401	44	16	18	4	2
	402	91	16	21	1	1
	403	48	16	21	4	1
	404	156	16	17	2	1
	405	30	16	18	2	1
	406	43	16	17	2	2
	407	75	16	19	1	1
	408	168	16	19	4	2
	409	120	16	18	5	3
	410	108	16	18	2	1
	411	179	16	17	1	1
	412	124	16	20	4	1
	413	72	16	20	2	2
	414	205	16	18	3	1
	415	234	16	18	4	1
	416	37	17	20	5	2
	417	89	17	22	2	2
	418	246	17	18	2	3
	419	112	17	20	1	2
	420	92	17	20	5	3
	421	135	17	20	4	2
	422	174	17	22	3	3
	423	87	17	18	5	1
	424	180	17	20	3	2
	425	115	17	19	5	3
	426	62	17	18	5	3
	427	65	17	18	1	1
	428	242	17	18	1	1
	429	193	17	18	1	2
	430	13	17	21	4	2
	431	10	17	19	4	1
	432	23	17	22	3	1
	433	21	17	18	3	3
	434	79	17	18	5	2
	435	157	17	19	3	1
	436	47	17	18	3	2
	437	163	17	18	5	2
	438	59	17	18	5	1
	439	208	18	20	4	1
	440	251	18	19	3	2
	441	231	18	20	2	2
	442	165	18	22	4	1
	443	251	18	21	1	2
	444	51	18	20	2	2
	445	117	18	20	3	2
	446	106	18	19	2	3
	447	77	18	21	5	3
	448	9	18	23	2	2
	449	202	18	22	2	3
	450	4	18	19	3	2
	451	181	18	20	4	1
	452	185	18	19	3	2
	453	88	18	22	4	2
	454	116	18	20	2	1
	455	249	18	20	1	1
	456	61	18	20	4	1
	457	34	18	21	5	2
	458	24	18	21	5	3
	459	28	18	21	1	2
	460	44	18	20	4	1
	461	28	19	22	1	2
	462	184	19	23	4	2
	463	61	19	23	2	2
	464	167	19	20	3	3
	465	86	19	21	3	2
	466	32	19	23	2	2
	467	14	19	24	4	2
	468	210	19	24	5	1
	469	206	19	24	4	1
	470	64	19	24	4	1
	471	228	19	24	3	1
	472	120	19	23	1	1
	473	125	19	22	5	2
	474	251	19	23	2	3
	475	45	19	21	2	3
	476	144	19	21	5	2
	477	218	19	22	1	1
	478	105	19	24	4	1
	479	214	19	23	4	2
	480	124	19	23	2	3
	481	208	19	22	5	2
	482	133	19	22	2	2
	483	121	19	23	2	1
	484	19	19	22	1	1
	485	78	19	23	3	2
	486	59	19	22	4	1
	487	43	20	25	5	3
	488	188	20	23	3	2
	489	33	20	24	2	2
	490	212	20	24	3	1
	491	27	20	21	2	3
	492	227	20	22	4	1
	493	172	20	25	3	3
	494	239	20	23	4	1
	495	77	20	25	3	3
	496	23	20	22	1	1
	497	66	20	25	3	2
	498	229	20	22	4	1
	499	44	20	25	3	2
	500	168	20	21	2	2
	501	47	20	24	3	3
	502	7	20	21	4	2
	503	45	20	22	3	1
	504	61	20	25	2	2
	505	122	20	24	3	3
	506	50	20	23	3	2
	507	123	20	23	4	1
	508	92	20	23	5	2
	509	33	20	21	4	1
	510	155	20	22	3	3
	511	11	20	22	3	1
	512	122	20	24	4	1
	513	96	20	24	5	1
	514	65	20	24	4	2
	515	146	20	23	2	3
	516	209	21	24	1	1
	517	53	21	26	4	2
	518	51	21	23	2	3
	519	37	21	24	1	1
	520	244	21	25	3	2
	521	153	21	25	3	1
	522	167	21	22	1	1
	523	86	21	23	3	1
	524	82	21	26	5	3
	525	85	21	22	4	2
	526	60	21	24	1	1
	527	14	21	25	5	1
	528	91	21	25	4	1
	529	246	21	26	2	3
	530	235	21	22	5	1
	531	173	21	26	2	1
	532	244	21	23	5	3
	533	106	21	23	3	2
	534	40	21	26	1	2
	535	31	21	23	1	2
	536	191	21	25	5	3
	537	192	21	22	4	2
	538	150	21	25	5	2
	539	124	22	27	3	3
	540	138	22	23	4	1
	541	184	22	26	3	3
	542	33	22	25	4	2
	543	235	22	23	5	3
	544	106	22	26	4	1
	545	26	22	27	2	3
	546	73	22	25	5	3
	547	207	22	23	5	1
	548	49	22	25	5	1
	549	155	22	27	1	2
	550	137	22	26	1	2
	551	183	22	26	3	1
	552	233	22	24	5	2
	553	51	22	24	3	3
	554	198	22	23	4	1
	555	37	22	25	4	2
	556	205	22	23	3	2
	557	229	22	24	3	3
	558	248	22	27	5	2
	559	174	22	23	3	3
	560	83	22	26	3	1
	561	149	22	27	3	1
	562	69	22	23	3	3
	563	167	22	24	2	2
	564	192	22	27	4	2
	565	123	22	27	1	1
	566	41	22	25	3	3
	567	119	22	25	1	2
	568	41	22	24	3	1
	569	71	22	26	2	3
	570	11	22	27	2	1
	571	26	22	25	5	2
	572	111	23	26	4	2
	573	162	23	27	3	1
	574	114	23	27	3	2
	575	89	23	28	1	2
	576	148	23	28	3	3
	577	220	23	27	1	2
	578	168	23	27	5	2
	579	102	23	24	1	1
	580	54	23	27	5	2
	581	196	23	27	3	2
	582	147	23	24	2	3
	583	27	23	27	4	1
	584	41	23	27	5	3
	585	180	23	25	1	1
	586	222	23	28	3	2
	587	186	23	28	3	1
	588	202	23	28	5	2
	589	132	23	25	2	1
	590	234	23	28	1	1
	591	56	23	28	3	1
	592	177	23	25	4	2
	593	5	23	28	4	2
	594	221	23	24	4	1
	595	209	23	28	5	1
	596	18	23	25	3	3
	597	169	23	27	4	2
	598	186	23	28	2	3
	599	209	24	25	4	1
	600	185	24	25	2	3
	601	124	24	29	2	3
	602	162	24	29	3	2
	603	154	24	29	3	2
	604	50	24	26	4	2
	605	231	24	29	1	2
	606	110	24	26	1	2
	607	171	24	25	1	2
	608	207	24	29	5	3
	609	236	24	28	2	3
	610	217	24	28	3	2
	611	7	24	26	3	1
	612	20	24	25	4	2
	613	95	24	26	2	3
	614	226	24	25	1	2
	615	168	24	26	3	2
	616	228	24	28	5	3
	617	22	24	26	2	1
	618	32	24	29	2	2
	619	120	24	29	4	1
	620	202	24	25	5	2
	621	133	24	28	2	2
	622	236	24	25	4	1
	623	56	24	27	2	1
	624	176	24	29	4	2
	625	111	24	29	4	1
	626	44	24	28	4	2
	627	54	25	29	1	2
	628	222	25	28	1	1
	629	90	25	27	5	1
	630	46	25	26	3	2
	631	6	25	30	2	3
	632	103	25	28	5	2
	633	216	25	29	4	2
	634	48	25	26	2	3
	635	160	25	30	4	2
	636	193	25	28	3	2
	637	60	25	26	5	2
	638	161	25	29	4	2
	639	55	25	26	4	2
	640	107	25	28	1	2
	641	196	25	28	1	1
	642	156	25	28	1	2
	643	188	25	28	4	1
	644	12	25	26	5	1
	645	155	25	27	3	2
	646	225	25	27	1	2
	647	81	25	27	1	1
	648	209	25	27	1	1
	649	243	25	30	4	2
	650	140	25	29	5	1
	651	231	25	26	4	1
	652	178	26	30	1	1
	653	163	26	31	2	3
	654	87	26	31	1	1
	655	15	26	27	2	3
	656	126	26	30	5	1
	657	229	26	27	1	2
	658	199	26	31	2	1
	659	105	26	30	5	3
	660	106	26	28	2	3
	661	13	26	27	4	1
	662	109	26	27	2	3
	663	118	26	31	4	2
	664	141	26	30	3	1
	665	156	26	27	3	2
	666	32	26	31	4	2
	667	236	26	29	4	2
	668	203	26	30	3	1
	669	97	26	28	5	3
	670	195	26	27	2	1
	671	71	26	27	4	1
	672	103	27	28	1	2
	673	46	27	29	1	1
	674	180	27	28	3	2
	675	39	27	29	3	3
	676	238	27	28	5	2
	677	40	27	32	2	1
	678	38	27	31	3	1
	679	74	27	31	5	1
	680	191	27	31	4	2
	681	231	27	30	2	1
	682	240	27	32	1	2
	683	146	27	28	5	2
	684	133	27	29	3	1
	685	204	27	31	4	1
	686	246	27	28	3	1
	687	104	27	31	5	2
	688	175	27	32	3	3
	689	230	27	31	4	1
	690	158	27	29	2	1
	691	59	27	29	2	3
	692	189	27	31	4	2
	693	224	27	28	2	2
	694	107	27	30	5	2
	695	207	27	29	1	2
	696	221	27	28	3	2
	697	110	27	29	3	3
	698	206	27	32	1	1
	699	185	27	30	3	1
	700	31	27	29	2	1
	701	66	27	28	1	1
	702	53	27	32	4	1
	703	104	27	32	4	1
	704	115	27	28	1	2
	705	130	27	32	1	1
	706	108	28	29	2	3
	707	92	28	31	2	1
	708	199	28	33	4	2
	709	93	28	31	2	2
	710	194	28	29	3	1
	711	103	28	29	1	1
	712	71	28	33	1	2
	713	77	28	29	5	2
	714	27	28	32	4	2
	715	39	28	29	1	1
	716	77	28	30	2	3
	717	137	28	31	4	2
	718	7	28	33	4	1
	719	184	28	29	1	1
	720	145	28	29	2	3
	721	248	28	32	3	2
	722	245	28	32	3	3
	723	215	28	30	3	2
	724	125	28	33	3	2
	725	37	28	33	3	1
	726	114	28	33	2	1
	727	149	28	33	5	2
	728	247	29	30	1	2
	729	51	29	31	4	2
	730	244	29	30	4	1
	731	106	29	34	3	2
	732	60	29	32	2	1
	733	67	29	34	2	1
	734	116	29	31	4	1
	735	232	29	34	1	1
	736	216	29	33	2	1
	737	92	29	30	1	1
	738	81	29	31	5	2
	739	127	29	30	3	2
	740	55	29	30	3	3
	741	40	29	33	1	2
	742	149	29	32	1	1
	743	51	29	31	3	3
	744	13	29	30	2	2
	745	132	29	33	1	1
	746	226	29	32	3	3
	747	120	29	34	4	1
	748	75	29	31	5	2
	749	205	29	31	1	2
	750	229	29	34	5	1

TECHNICIANS = 825
1	1	295	8	0	0	0	0	1	
2	175	870	5	1	0	0	0	0	
3	7	380	8	0	0	1	1	0	
4	133	895	7	0	1	0	1	0	
5	144	565	10	1	1	0	0	0	
6	45	850	8	0	1	0	0	0	
7	252	560	8	0	0	0	0	1	
8	34	315	9	1	0	1	1	0	
9	253	230	6	1	1	0	0	1	
10	193	430	9	0	0	1	1	0	
11	1	910	5	1	0	0	1	1	
12	141	485	7	0	1	0	1	0	
13	60	835	7	0	0	1	0	0	
14	228	430	8	0	0	1	0	0	
15	207	200	7	0	0	1	1	0	
16	1	150	9	0	1	0	1	1	
17	221	350	5	1	0	1	0	0	
18	4	815	5	0	0	0	1	1	
19	28	395	10	1	0	0	0	0	
20	61	535	9	1	1	0	0	0	
21	151	125	7	0	0	0	1	0	
22	1	890	10	0	1	0	0	0	
23	1	270	10	0	1	0	0	1	
24	5	145	7	1	0	0	0	0	
25	254	215	7	0	0	1	0	0	
26	117	590	8	0	0	0	0	1	
27	203	400	5	0	0	0	1	1	
28	168	510	10	0	0	0	1	0	
29	119	810	7	1	0	1	1	0	
30	107	220	8	0	0	0	1	1	
31	241	760	9	0	0	1	0	0	
32	136	465	10	1	1	1	0	0	
33	60	120	9	1	0	1	0	1	
34	191	870	5	1	0	0	0	0	
35	255	370	9	0	0	1	0	0	
36	5	545	9	0	0	0	1	0	
37	135	655	7	1	1	0	0	0	
38	232	430	7	0	0	1	1	1	
39	46	275	7	1	1	0	0	0	
40	103	570	5	0	0	0	0	1	
41	256	375	10	1	0	0	0	0	
42	1	590	5	0	0	0	0	1	
43	209	680	10	1	0	0	1	0	
44	151	375	9	0	1	0	1	0	
45	138	645	8	0	1	0	0	0	
46	245	195	10	0	1	0	1	0	
47	11	755	6	1	0	0	0	0	
48	33	585	7	1	1	0	0	0	
49	45	910	8	0	0	0	1	1	
50	134	400	5	0	1	1	1	0	
51	1	610	10	0	1	0	0	0	
52	159	100	8	1	1	1	0	0	
53	1	155	7	0	1	1	0	0	
54	191	930	10	1	0	0	1	0	
55	30	675	7	0	1	1	0	0	
56	233	740	10	0	1	1	0	1	
57	212	790	8	1	0	0	0	0	
58	257	110	8	0	1	0	0	0	
59	51	160	6	0	0	1	0	1	
60	1	755	8	1	0	0	1	0	
61	200	365	9	1	1	0	1	0	
62	21	170	9	0	0	0	0	1	
63	128	145	8	0	0	1	0	1	
64	179	480	8	1	1	0	0	0	
65	150	790	5	1	0	0	1	0	
66	1	345	8	1	1	0	1	0	
67	115	260	5	1	0	0	0	0	
68	2	500	7	0	0	1	1	1	
69	247	890	10	0	0	0	1	0	
70	45	750	8	0	0	0	1	1	
71	171	230	9	1	0	0	0	0	
72	198	255	8	1	0	1	1	0	
73	1	155	7	1	1	0	0	1	
74	190	920	6	1	0	1	0	1	
75	186	860	8	0	0	0	1	0	
76	135	655	7	1	1	0	0	0	
77	60	835	7	0	0	1	0	0	
78	190	920	6	1	0	1	0	1	
79	30	675	7	0	1	1	0	0	
80	2	500	7	0	0	1	1	1	
81	21	170	9	0	0	0	0	1	
82	21	170	9	0	0	0	0	1	
83	11	755	6	1	0	0	0	0	
84	34	315	9	1	0	1	1	0	
85	190	920	6	1	0	1	0	1	
86	7	380	8	0	0	1	1	0	
87	7	380	8	0	0	1	1	0	
88	45	910	8	0	0	0	1	1	
89	1	755	8	1	0	0	1	0	
90	190	920	6	1	0	1	0	1	
91	30	675	7	0	1	1	0	0	
92	119	810	7	1	0	1	1	0	
93	190	920	6	1	0	1	0	1	
94	119	810	7	1	0	1	1	0	
95	1	910	5	1	0	0	1	1	
96	117	590	8	0	0	0	0	1	
97	30	675	7	0	1	1	0	0	
98	1	910	5	1	0	0	1	1	
99	255	370	9	0	0	1	0	0	
100	203	400	5	0	0	0	1	1	
101	256	375	10	1	0	0	0	0	
102	135	655	7	1	1	0	0	0	
103	119	810	7	1	0	1	1	0	
104	190	920	6	1	0	1	0	1	
105	30	675	7	0	1	1	0	0	
106	190	920	6	1	0	1	0	1	
107	1	755	8	1	0	0	1	0	
108	61	535	9	1	1	0	0	0	
109	241	760	9	0	0	1	0	0	
110	1	910	5	1	0	0	1	1	
111	190	920	6	1	0	1	0	1	
112	117	590	8	0	0	0	0	1	
113	119	810	7	1	0	1	1	0	
114	11	755	6	1	0	0	0	0	
115	30	675	7	0	1	1	0	0	
116	190	920	6	1	0	1	0	1	
117	190	920	6	1	0	1	0	1	
118	190	920	6	1	0	1	0	1	
119	1	910	5	1	0	0	1	1	
120	190	920	6	1	0	1	0	1	
121	191	930	10	1	0	0	1	0	
122	191	930	10	1	0	0	1	0	
123	61	535	9	1	1	0	0	0	
124	7	380	8	0	0	1	1	0	
125	45	910	8	0	0	0	1	1	
126	190	920	6	1	0	1	0	1	
127	30	675	7	0	1	1	0	0	
128	119	810	7	1	0	1	1	0	
129	209	680	10	1	0	0	1	0	
130	30	675	7	0	1	1	0	0	
131	190	920	6	1	0	1	0	1	
132	1	345	8	1	1	0	1	0	
133	233	740	10	0	1	1	0	1	
134	247	890	10	0	0	0	1	0	
135	117	590	8	0	0	0	0	1	
136	61	535	9	1	1	0	0	0	
137	190	920	6	1	0	1	0	1	
138	212	790	8	1	0	0	0	0	
139	190	920	6	1	0	1	0	1	
140	1	345	8	1	1	0	1	0	
141	2	500	7	0	0	1	1	1	
142	233	740	10	0	1	1	0	1	
143	61	535	9	1	1	0	0	0	
144	191	930	10	1	0	0	1	0	
145	212	790	8	1	0	0	0	0	
146	190	920	6	1	0	1	0	1	
147	190	920	6	1	0	1	0	1	
148	30	675	7	0	1	1	0	0	
149	34	315	9	1	0	1	1	0	
150	190	920	6	1	0	1	0	1	
151	30	675	7	0	1	1	0	0	
152	30	675	7	0	1	1	0	0	
153	119	810	7	1	0	1	1	0	
154	190	920	6	1	0	1	0	1	
155	233	740	10	0	1	1	0	1	
156	1	910	5	1	0	0	1	1	
157	5	545	9	0	0	0	1	0	
158	190	920	6	1	0	1	0	1	
159	191	870	5	1	0	0	0	0	
160	30	675	7	0	1	1	0	0	
161	138	645	8	0	1	0	0	0	
162	190	920	6	1	0	1	0	1	
163	190	920	6	1	0	1	0	1	
164	135	655	7	1	1	0	0	0	
165	190	920	6	1	0	1	0	1	
166	134	400	5	0	1	1	1	0	
167	30	675	7	0	1	1	0	0	
168	1	910	5	1	0	0	1	1	
169	203	400	5	0	0	0	1	1	
170	7	380	8	0	0	1	1	0	
171	119	810	7	1	0	1	1	0	
172	190	920	6	1	0	1	0	1	
173	190	920	6	1	0	1	0	1	
174	190	920	6	1	0	1	0	1	
175	198	255	8	1	0	1	1	0	
176	190	920	6	1	0	1	0	1	
177	190	920	6	1	0	1	0	1	
178	191	930	10	1	0	0	1	0	
179	212	790	8	1	0	0	0	0	
180	190	920	6	1	0	1	0	1	
181	191	870	5	1	0	0	0	0	
182	134	400	5	0	1	1	1	0	
183	4	815	5	0	0	0	1	1	
184	4	815	5	0	0	0	1	1	
185	247	890	10	0	0	0	1	0	
186	61	535	9	1	1	0	0	0	
187	193	430	9	0	0	1	1	0	
188	1	910	5	1	0	0	1	1	
189	1	155	7	1	1	0	0	1	
190	119	810	7	1	0	1	1	0	
191	1	910	5	1	0	0	1	1	
192	190	920	6	1	0	1	0	1	
193	1	910	5	1	0	0	1	1	
194	233	740	10	0	1	1	0	1	
195	190	920	6	1	0	1	0	1	
196	128	145	8	0	0	1	0	1	
197	186	860	8	0	0	0	1	0	
198	190	920	6	1	0	1	0	1	
199	1	910	5	1	0	0	1	1	
200	233	740	10	0	1	1	0	1	
201	30	675	7	0	1	1	0	0	
202	119	810	7	1	0	1	1	0	
203	191	930	10	1	0	0	1	0	
204	1	910	5	1	0	0	1	1	
205	212	790	8	1	0	0	0	0	
206	141	485	7	0	1	0	1	0	
207	190	920	6	1	0	1	0	1	
208	190	920	6	1	0	1	0	1	
209	135	655	7	1	1	0	0	0	
210	7	380	8	0	0	1	1	0	
211	190	920	6	1	0	1	0	1	
212	190	920	6	1	0	1	0	1	
213	190	920	6	1	0	1	0	1	
214	30	675	7	0	1	1	0	0	
215	30	675	7	0	1	1	0	0	
216	190	920	6	1	0	1	0	1	
217	119	810	7	1	0	1	1	0	
218	11	755	6	1	0	0	0	0	
219	190	920	6	1	0	1	0	1	
220	30	675	7	0	1	1	0	0	
221	233	740	10	0	1	1	0	1	
222	190	920	6	1	0	1	0	1	
223	34	315	9	1	0	1	1	0	
224	119	810	7	1	0	1	1	0	
225	1	910	5	1	0	0	1	1	
226	61	535	9	1	1	0	0	0	
227	190	920	6	1	0	1	0	1	
228	30	675	7	0	1	1	0	0	
229	138	645	8	0	1	0	0	0	
230	30	675	7	0	1	1	0	0	
231	190	920	6	1	0	1	0	1	
232	119	810	7	1	0	1	1	0	
233	11	755	6	1	0	0	0	0	
234	4	815	5	0	0	0	1	1	
235	7	380	8	0	0	1	1	0	
236	203	400	5	0	0	0	1	1	
237	190	920	6	1	0	1	0	1	
238	190	920	6	1	0	1	0	1	
239	190	920	6	1	0	1	0	1	
240	2	500	7	0	0	1	1	1	
241	30	675	7	0	1	1	0	0	
242	233	740	10	0	1	1	0	1	
243	1	910	5	1	0	0	1	1	
244	190	920	6	1	0	1	0	1	
245	190	920	6	1	0	1	0	1	
246	190	920	6	1	0	1	0	1	
247	159	100	8	1	1	1	0	0	
248	1	155	7	1	1	0	0	1	
249	190	920	6	1	0	1	0	1	
250	190	920	6	1	0	1	0	1	
251	190	920	6	1	0	1	0	1	
252	190	920	6	1	0	1	0	1	
253	30	675	7	0	1	1	0	0	
254	4	815	5	0	0	0	1	1	
255	1	910	5	1	0	0	1	1	
256	190	920	6	1	0	1	0	1	
257	191	870	5	1	0	0	0	0	
258	138	645	8	0	1	0	0	0	
259	190	920	6	1	0	1	0	1	
260	190	920	6	1	0	1	0	1	
261	119	810	7	1	0	1	1	0	
262	30	675	7	0	1	1	0	0	
263	119	810	7	1	0	1	1	0	
264	190	920	6	1	0	1	0	1	
265	30	675	7	0	1	1	0	0	
266	30	675	7	0	1	1	0	0	
267	190	920	6	1	0	1	0	1	
268	30	675	7	0	1	1	0	0	
269	1	910	5	1	0	0	1	1	
270	1	910	5	1	0	0	1	1	
271	1	910	5	1	0	0	1	1	
272	150	790	5	1	0	0	1	0	
273	190	920	6	1	0	1	0	1	
274	233	740	10	0	1	1	0	1	
275	190	920	6	1	0	1	0	1	
276	119	810	7	1	0	1	1	0	
277	30	675	7	0	1	1	0	0	
278	221	350	5	1	0	1	0	0	
279	30	675	7	0	1	1	0	0	
280	7	380	8	0	0	1	1	0	
281	190	920	6	1	0	1	0	1	
282	135	655	7	1	1	0	0	0	
283	45	910	8	0	0	0	1	1	
284	30	675	7	0	1	1	0	0	
285	119	810	7	1	0	1	1	0	
286	30	675	7	0	1	1	0	0	
287	30	675	7	0	1	1	0	0	
288	30	675	7	0	1	1	0	0	
289	119	810	7	1	0	1	1	0	
290	119	810	7	1	0	1	1	0	
291	190	920	6	1	0	1	0	1	
292	119	810	7	1	0	1	1	0	
293	233	740	10	0	1	1	0	1	
294	34	315	9	1	0	1	1	0	
295	151	375	9	0	1	0	1	0	
296	190	920	6	1	0	1	0	1	
297	190	920	6	1	0	1	0	1	
298	190	920	6	1	0	1	0	1	
299	30	675	7	0	1	1	0	0	
300	233	740	10	0	1	1	0	1	
301	190	920	6	1	0	1	0	1	
302	233	740	10	0	1	1	0	1	
303	190	920	6	1	0	1	0	1	
304	175	870	5	1	0	0	0	0	
305	212	790	8	1	0	0	0	0	
306	7	380	8	0	0	1	1	0	
307	33	585	7	1	1	0	0	0	
308	61	535	9	1	1	0	0	0	
309	190	920	6	1	0	1	0	1	
310	171	230	9	1	0	0	0	0	
311	233	740	10	0	1	1	0	1	
312	159	100	8	1	1	1	0	0	
313	190	920	6	1	0	1	0	1	
314	190	920	6	1	0	1	0	1	
315	30	675	7	0	1	1	0	0	
316	233	740	10	0	1	1	0	1	
317	30	675	7	0	1	1	0	0	
318	30	675	7	0	1	1	0	0	
319	190	920	6	1	0	1	0	1	
320	190	920	6	1	0	1	0	1	
321	34	315	9	1	0	1	1	0	
322	233	740	10	0	1	1	0	1	
323	190	920	6	1	0	1	0	1	
324	119	810	7	1	0	1	1	0	
325	233	740	10	0	1	1	0	1	
326	119	810	7	1	0	1	1	0	
327	190	920	6	1	0	1	0	1	
328	33	585	7	1	1	0	0	0	
329	34	315	9	1	0	1	1	0	
330	190	920	6	1	0	1	0	1	
331	190	920	6	1	0	1	0	1	
332	30	675	7	0	1	1	0	0	
333	119	810	7	1	0	1	1	0	
334	190	920	6	1	0	1	0	1	
335	30	675	7	0	1	1	0	0	
336	5	545	9	0	0	0	1	0	
337	212	790	8	1	0	0	0	0	
338	190	920	6	1	0	1	0	1	
339	30	675	7	0	1	1	0	0	
340	135	655	7	1	1	0	0	0	
341	34	315	9	1	0	1	1	0	
342	34	315	9	1	0	1	1	0	
343	30	675	7	0	1	1	0	0	
344	119	810	7	1	0	1	1	0	
345	30	675	7	0	1	1	0	0	
346	119	810	7	1	0	1	1	0	
347	190	920	6	1	0	1	0	1	
348	190	920	6	1	0	1	0	1	
349	190	920	6	1	0	1	0	1	
350	190	920	6	1	0	1	0	1	
351	119	810	7	1	0	1	1	0	
352	190	920	6	1	0	1	0	1	
353	212	790	8	1	0	0	0	0	
354	212	790	8	1	0	0	0	0	
355	190	920	6	1	0	1	0	1	
356	190	920	6	1	0	1	0	1	
357	190	920	6	1	0	1	0	1	
358	150	790	5	1	0	0	1	0	
359	33	585	7	1	1	0	0	0	
360	4	815	5	0	0	0	1	1	
361	233	740	10	0	1	1	0	1	
362	186	860	8	0	0	0	1	0	
363	191	930	10	1	0	0	1	0	
364	191	930	10	1	0	0	1	0	
365	233	740	10	0	1	1	0	1	
366	179	480	8	1	1	0	0	0	
367	119	810	7	1	0	1	1	0	
368	4	815	5	0	0	0	1	1	
369	190	920	6	1	0	1	0	1	
370	200	365	9	1	1	0	1	0	
371	190	920	6	1	0	1	0	1	
372	203	400	5	0	0	0	1	1	
373	190	920	6	1	0	1	0	1	
374	190	920	6	1	0	1	0	1	
375	190	920	6	1	0	1	0	1	
376	4	815	5	0	0	0	1	1	
377	203	400	5	0	0	0	1	1	
378	150	790	5	1	0	0	1	0	
379	233	740	10	0	1	1	0	1	
380	30	675	7	0	1	1	0	0	
381	4	815	5	0	0	0	1	1	
382	1	910	5	1	0	0	1	1	
383	190	920	6	1	0	1	0	1	
384	190	920	6	1	0	1	0	1	
385	135	655	7	1	1	0	0	0	
386	233	740	10	0	1	1	0	1	
387	212	790	8	1	0	0	0	0	
388	119	810	7	1	0	1	1	0	
389	119	810	7	1	0	1	1	0	
390	190	920	6	1	0	1	0	1	
391	119	810	7	1	0	1	1	0	
392	190	920	6	1	0	1	0	1	
393	51	160	6	0	0	1	0	1	
394	255	370	9	0	0	1	0	0	
395	233	740	10	0	1	1	0	1	
396	191	930	10	1	0	0	1	0	
397	190	920	6	1	0	1	0	1	
398	150	790	5	1	0	0	1	0	
399	190	920	6	1	0	1	0	1	
400	190	920	6	1	0	1	0	1	
401	190	920	6	1	0	1	0	1	
402	119	810	7	1	0	1	1	0	
403	1	910	5	1	0	0	1	1	
404	135	655	7	1	1	0	0	0	
405	190	920	6	1	0	1	0	1	
406	7	380	8	0	0	1	1	0	
407	209	680	10	1	0	0	1	0	
408	190	920	6	1	0	1	0	1	
409	7	380	8	0	0	1	1	0	
410	190	920	6	1	0	1	0	1	
411	119	810	7	1	0	1	1	0	
412	119	810	7	1	0	1	1	0	
413	190	920	6	1	0	1	0	1	
414	133	895	7	0	1	0	1	0	
415	233	740	10	0	1	1	0	1	
416	30	675	7	0	1	1	0	0	
417	45	910	8	0	0	0	1	1	
418	119	810	7	1	0	1	1	0	
419	191	930	10	1	0	0	1	0	
420	61	535	9	1	1	0	0	0	
421	34	315	9	1	0	1	1	0	
422	30	675	7	0	1	1	0	0	
423	190	920	6	1	0	1	0	1	
424	212	790	8	1	0	0	0	0	
425	33	585	7	1	1	0	0	0	
426	190	920	6	1	0	1	0	1	
427	190	920	6	1	0	1	0	1	
428	30	675	7	0	1	1	0	0	
429	247	890	10	0	0	0	1	0	
430	190	920	6	1	0	1	0	1	
431	190	920	6	1	0	1	0	1	
432	190	920	6	1	0	1	0	1	
433	4	815	5	0	0	0	1	1	
434	30	675	7	0	1	1	0	0	
435	233	740	10	0	1	1	0	1	
436	134	400	5	0	1	1	1	0	
437	119	810	7	1	0	1	1	0	
438	233	740	10	0	1	1	0	1	
439	190	920	6	1	0	1	0	1	
440	191	930	10	1	0	0	1	0	
441	119	810	7	1	0	1	1	0	
442	7	380	8	0	0	1	1	0	
443	1	910	5	1	0	0	1	1	
444	34	315	9	1	0	1	1	0	
445	212	790	8	1	0	0	0	0	
446	190	920	6	1	0	1	0	1	
447	190	920	6	1	0	1	0	1	
448	190	920	6	1	0	1	0	1	
449	134	400	5	0	1	1	1	0	
450	203	400	5	0	0	0	1	1	
451	191	870	5	1	0	0	0	0	
452	190	920	6	1	0	1	0	1	
453	150	790	5	1	0	0	1	0	
454	190	920	6	1	0	1	0	1	
455	45	910	8	0	0	0	1	1	
456	45	910	8	0	0	0	1	1	
457	11	755	6	1	0	0	0	0	
458	30	675	7	0	1	1	0	0	
459	30	675	7	0	1	1	0	0	
460	191	930	10	1	0	0	1	0	
461	150	790	5	1	0	0	1	0	
462	247	890	10	0	0	0	1	0	
463	212	790	8	1	0	0	0	0	
464	190	920	6	1	0	1	0	1	
465	190	920	6	1	0	1	0	1	
466	7	380	8	0	0	1	1	0	
467	135	655	7	1	1	0	0	0	
468	209	680	10	1	0	0	1	0	
469	33	585	7	1	1	0	0	0	
470	1	910	5	1	0	0	1	1	
471	247	890	10	0	0	0	1	0	
472	61	535	9	1	1	0	0	0	
473	190	920	6	1	0	1	0	1	
474	212	790	8	1	0	0	0	0	
475	135	655	7	1	1	0	0	0	
476	203	400	5	0	0	0	1	1	
477	190	920	6	1	0	1	0	1	
478	1	910	5	1	0	0	1	1	
479	135	655	7	1	1	0	0	0	
480	151	375	9	0	1	0	1	0	
481	233	740	10	0	1	1	0	1	
482	136	465	10	1	1	1	0	0	
483	7	380	8	0	0	1	1	0	
484	190	920	6	1	0	1	0	1	
485	134	400	5	0	1	1	1	0	
486	11	755	6	1	0	0	0	0	
487	191	930	10	1	0	0	1	0	
488	30	675	7	0	1	1	0	0	
489	190	920	6	1	0	1	0	1	
490	45	910	8	0	0	0	1	1	
491	233	740	10	0	1	1	0	1	
492	233	740	10	0	1	1	0	1	
493	33	585	7	1	1	0	0	0	
494	34	315	9	1	0	1	1	0	
495	4	815	5	0	0	0	1	1	
496	7	380	8	0	0	1	1	0	
497	190	920	6	1	0	1	0	1	
498	190	920	6	1	0	1	0	1	
499	190	920	6	1	0	1	0	1	
500	190	920	6	1	0	1	0	1	
501	1	910	5	1	0	0	1	1	
502	119	810	7	1	0	1	1	0	
503	61	535	9	1	1	0	0	0	
504	119	810	7	1	0	1	1	0	
505	1	910	5	1	0	0	1	1	
506	7	380	8	0	0	1	1	0	
507	233	740	10	0	1	1	0	1	
508	119	810	7	1	0	1	1	0	
509	190	920	6	1	0	1	0	1	
510	190	920	6	1	0	1	0	1	
511	190	920	6	1	0	1	0	1	
512	190	920	6	1	0	1	0	1	
513	190	920	6	1	0	1	0	1	
514	7	380	8	0	0	1	1	0	
515	190	920	6	1	0	1	0	1	
516	233	740	10	0	1	1	0	1	
517	247	890	10	0	0	0	1	0	
518	190	920	6	1	0	1	0	1	
519	233	740	10	0	1	1	0	1	
520	190	920	6	1	0	1	0	1	
521	134	400	5	0	1	1	1	0	
522	4	815	5	0	0	0	1	1	
523	135	655	7	1	1	0	0	0	
524	30	675	7	0	1	1	0	0	
525	119	810	7	1	0	1	1	0	
526	119	810	7	1	0	1	1	0	
527	7	380	8	0	0	1	1	0	
528	1	910	5	1	0	0	1	1	
529	134	400	5	0	1	1	1	0	
530	135	655	7	1	1	0	0	0	
531	186	860	8	0	0	0	1	0	
532	45	910	8	0	0	0	1	1	
533	45	910	8	0	0	0	1	1	
534	33	585	7	1	1	0	0	0	
535	151	375	9	0	1	0	1	0	
536	190	920	6	1	0	1	0	1	
537	1	910	5	1	0	0	1	1	
538	233	740	10	0	1	1	0	1	
539	190	920	6	1	0	1	0	1	
540	190	920	6	1	0	1	0	1	
541	33	585	7	1	1	0	0	0	
542	119	810	7	1	0	1	1	0	
543	190	920	6	1	0	1	0	1	
544	7	380	8	0	0	1	1	0	
545	4	815	5	0	0	0	1	1	
546	190	920	6	1	0	1	0	1	
547	119	810	7	1	0	1	1	0	
548	51	160	6	0	0	1	0	1	
549	33	585	7	1	1	0	0	0	
550	30	675	7	0	1	1	0	0	
551	4	815	5	0	0	0	1	1	
552	190	920	6	1	0	1	0	1	
553	119	810	7	1	0	1	1	0	
554	150	790	5	1	0	0	1	0	
555	135	655	7	1	1	0	0	0	
556	190	920	6	1	0	1	0	1	
557	233	740	10	0	1	1	0	1	
558	233	740	10	0	1	1	0	1	
559	190	920	6	1	0	1	0	1	
560	30	675	7	0	1	1	0	0	
561	119	810	7	1	0	1	1	0	
562	190	920	6	1	0	1	0	1	
563	190	920	6	1	0	1	0	1	
564	138	645	8	0	1	0	0	0	
565	190	920	6	1	0	1	0	1	
566	233	740	10	0	1	1	0	1	
567	119	810	7	1	0	1	1	0	
568	30	675	7	0	1	1	0	0	
569	45	910	8	0	0	0	1	1	
570	255	370	9	0	0	1	0	0	
571	209	680	10	1	0	0	1	0	
572	190	920	6	1	0	1	0	1	
573	150	790	5	1	0	0	1	0	
574	119	810	7	1	0	1	1	0	
575	135	655	7	1	1	0	0	0	
576	119	810	7	1	0	1	1	0	
577	7	380	8	0	0	1	1	0	
578	190	920	6	1	0	1	0	1	
579	30	675	7	0	1	1	0	0	
580	190	920	6	1	0	1	0	1	
581	190	920	6	1	0	1	0	1	
582	4	815	5	0	0	0	1	1	
583	4	815	5	0	0	0	1	1	
584	119	810	7	1	0	1	1	0	
585	190	920	6	1	0	1	0	1	
586	190	920	6	1	0	1	0	1	
587	247	890	10	0	0	0	1	0	
588	45	910	8	0	0	0	1	1	
589	119	810	7	1	0	1	1	0	
590	135	655	7	1	1	0	0	0	
591	119	810	7	1	0	1	1	0	
592	191	930	10	1	0	0	1	0	
593	30	675	7	0	1	1	0	0	
594	212	790	8	1	0	0	0	0	
595	190	920	6	1	0	1	0	1	
596	30	675	7	0	1	1	0	0	
597	190	920	6	1	0	1	0	1	
598	30	675	7	0	1	1	0	0	
599	190	920	6	1	0	1	0	1	
600	119	810	7	1	0	1	1	0	
601	190	920	6	1	0	1	0	1	
602	190	920	6	1	0	1	0	1	
603	119	810	7	1	0	1	1	0	
604	61	535	9	1	1	0	0	0	
605	1	910	5	1	0	0	1	1	
606	30	675	7	0	1	1	0	0	
607	4	815	5	0	0	0	1	1	
608	30	675	7	0	1	1	0	0	
609	119	810	7	1	0	1	1	0	
610	190	920	6	1	0	1	0	1	
611	190	920	6	1	0	1	0	1	
612	119	810	7	1	0	1	1	0	
613	4	815	5	0	0	0	1	1	
614	119	810	7	1	0	1	1	0	
615	4	815	5	0	0	0	1	1	
616	30	675	7	0	1	1	0	0	
617	191	930	10	1	0	0	1	0	
618	190	920	6	1	0	1	0	1	
619	4	815	5	0	0	0	1	1	
620	135	655	7	1	1	0	0	0	
621	4	815	5	0	0	0	1	1	
622	233	740	10	0	1	1	0	1	
623	190	920	6	1	0	1	0	1	
624	11	755	6	1	0	0	0	0	
625	190	920	6	1	0	1	0	1	
626	30	675	7	0	1	1	0	0	
627	190	920	6	1	0	1	0	1	
628	119	810	7	1	0	1	1	0	
629	4	815	5	0	0	0	1	1	
630	119	810	7	1	0	1	1	0	
631	119	810	7	1	0	1	1	0	
632	30	675	7	0	1	1	0	0	
633	1	910	5	1	0	0	1	1	
634	119	810	7	1	0	1	1	0	
635	190	920	6	1	0	1	0	1	
636	198	255	8	1	0	1	1	0	
637	190	920	6	1	0	1	0	1	
638	30	675	7	0	1	1	0	0	
639	119	810	7	1	0	1	1	0	
640	190	920	6	1	0	1	0	1	
641	190	920	6	1	0	1	0	1	
642	190	920	6	1	0	1	0	1	
643	198	255	8	1	0	1	1	0	
644	30	675	7	0	1	1	0	0	
645	30	675	7	0	1	1	0	0	
646	4	815	5	0	0	0	1	1	
647	4	815	5	0	0	0	1	1	
648	119	810	7	1	0	1	1	0	
649	190	920	6	1	0	1	0	1	
650	190	920	6	1	0	1	0	1	
651	119	810	7	1	0	1	1	0	
652	191	930	10	1	0	0	1	0	
653	4	815	5	0	0	0	1	1	
654	190	920	6	1	0	1	0	1	
655	4	815	5	0	0	0	1	1	
656	30	675	7	0	1	1	0	0	
657	30	675	7	0	1	1	0	0	
658	119	810	7	1	0	1	1	0	
659	190	920	6	1	0	1	0	1	
660	191	930	10	1	0	0	1	0	
661	190	920	6	1	0	1	0	1	
662	190	920	6	1	0	1	0	1	
663	45	910	8	0	0	0	1	1	
664	30	675	7	0	1	1	0	0	
665	190	920	6	1	0	1	0	1	
666	255	370	9	0	0	1	0	0	
667	1	910	5	1	0	0	1	1	
668	4	815	5	0	0	0	1	1	
669	1	910	5	1	0	0	1	1	
670	190	920	6	1	0	1	0	1	
671	190	920	6	1	0	1	0	1	
672	4	815	5	0	0	0	1	1	
673	33	585	7	1	1	0	0	0	
674	119	810	7	1	0	1	1	0	
675	135	655	7	1	1	0	0	0	
676	138	645	8	0	1	0	0	0	
677	119	810	7	1	0	1	1	0	
678	233	740	10	0	1	1	0	1	
679	191	930	10	1	0	0	1	0	
680	11	755	6	1	0	0	0	0	
681	256	375	10	1	0	0	0	0	
682	190	920	6	1	0	1	0	1	
683	190	920	6	1	0	1	0	1	
684	233	740	10	0	1	1	0	1	
685	190	920	6	1	0	1	0	1	
686	7	380	8	0	0	1	1	0	
687	1	910	5	1	0	0	1	1	
688	30	675	7	0	1	1	0	0	
689	190	920	6	1	0	1	0	1	
690	7	380	8	0	0	1	1	0	
691	190	920	6	1	0	1	0	1	
692	30	675	7	0	1	1	0	0	
693	30	675	7	0	1	1	0	0	
694	4	815	5	0	0	0	1	1	
695	190	920	6	1	0	1	0	1	
696	1	155	7	1	1	0	0	1	
697	119	810	7	1	0	1	1	0	
698	135	655	7	1	1	0	0	0	
699	191	930	10	1	0	0	1	0	
700	209	680	10	1	0	0	1	0	
701	5	545	9	0	0	0	1	0	
702	150	790	5	1	0	0	1	0	
703	190	920	6	1	0	1	0	1	
704	190	920	6	1	0	1	0	1	
705	30	675	7	0	1	1	0	0	
706	134	400	5	0	1	1	1	0	
707	233	740	10	0	1	1	0	1	
708	119	810	7	1	0	1	1	0	
709	138	645	8	0	1	0	0	0	
710	119	810	7	1	0	1	1	0	
711	30	675	7	0	1	1	0	0	
712	233	740	10	0	1	1	0	1	
713	247	890	10	0	0	0	1	0	
714	45	910	8	0	0	0	1	1	
715	190	920	6	1	0	1	0	1	
716	190	920	6	1	0	1	0	1	
717	212	790	8	1	0	0	0	0	
718	119	810	7	1	0	1	1	0	
719	233	740	10	0	1	1	0	1	
720	30	675	7	0	1	1	0	0	
721	191	930	10	1	0	0	1	0	
722	212	790	8	1	0	0	0	0	
723	119	810	7	1	0	1	1	0	
724	119	810	7	1	0	1	1	0	
725	190	920	6	1	0	1	0	1	
726	119	810	7	1	0	1	1	0	
727	190	920	6	1	0	1	0	1	
728	233	740	10	0	1	1	0	1	
729	190	920	6	1	0	1	0	1	
730	30	675	7	0	1	1	0	0	
731	190	920	6	1	0	1	0	1	
732	1	910	5	1	0	0	1	1	
733	233	740	10	0	1	1	0	1	
734	233	740	10	0	1	1	0	1	
735	138	645	8	0	1	0	0	0	
736	4	815	5	0	0	0	1	1	
737	61	535	9	1	1	0	0	0	
738	119	810	7	1	0	1	1	0	
739	190	920	6	1	0	1	0	1	
740	7	380	8	0	0	1	1	0	
741	119	810	7	1	0	1	1	0	
742	119	810	7	1	0	1	1	0	
743	190	920	6	1	0	1	0	1	
744	233	740	10	0	1	1	0	1	
745	135	655	7	1	1	0	0	0	
746	209	680	10	1	0	0	1	0	
747	119	810	7	1	0	1	1	0	
748	190	920	6	1	0	1	0	1	
749	119	810	7	1	0	1	1	0	
750	119	810	7	1	0	1	1	0	
751	190	920	6	1	0	1	0	1	
752	151	375	9	0	1	0	1	0	
753	233	740	10	0	1	1	0	1	
754	190	920	6	1	0	1	0	1	
755	4	815	5	0	0	0	1	1	
756	134	400	5	0	1	1	1	0	
757	1	910	5	1	0	0	1	1	
758	4	815	5	0	0	0	1	1	
759	190	920	6	1	0	1	0	1	
760	191	930	10	1	0	0	1	0	
761	119	810	7	1	0	1	1	0	
762	190	920	6	1	0	1	0	1	
763	30	675	7	0	1	1	0	0	
764	34	315	9	1	0	1	1	0	
765	233	740	10	0	1	1	0	1	
766	30	675	7	0	1	1	0	0	
767	1	910	5	1	0	0	1	1	
768	233	740	10	0	1	1	0	1	
769	233	740	10	0	1	1	0	1	
770	191	930	10	1	0	0	1	0	
771	233	740	10	0	1	1	0	1	
772	233	740	10	0	1	1	0	1	
773	135	655	7	1	1	0	0	0	
774	7	380	8	0	0	1	1	0	
775	61	535	9	1	1	0	0	0	
776	190	920	6	1	0	1	0	1	
777	186	860	8	0	0	0	1	0	
778	150	790	5	1	0	0	1	0	
779	191	930	10	1	0	0	1	0	
780	190	920	6	1	0	1	0	1	
781	200	365	9	1	1	0	1	0	
782	135	655	7	1	1	0	0	0	
783	119	810	7	1	0	1	1	0	
784	33	585	7	1	1	0	0	0	
785	190	920	6	1	0	1	0	1	
786	190	920	6	1	0	1	0	1	
787	119	810	7	1	0	1	1	0	
788	4	815	5	0	0	0	1	1	
789	191	930	10	1	0	0	1	0	
790	190	920	6	1	0	1	0	1	
791	135	655	7	1	1	0	0	0	
792	4	815	5	0	0	0	1	1	
793	247	890	10	0	0	0	1	0	
794	212	790	8	1	0	0	0	0	
795	135	655	7	1	1	0	0	0	
796	190	920	6	1	0	1	0	1	
797	233	740	10	0	1	1	0	1	
798	190	920	6	1	0	1	0	1	
799	190	920	6	1	0	1	0	1	
800	190	920	6	1	0	1	0	1	
801	136	465	10	1	1	1	0	0	
802	233	740	10	0	1	1	0	1	
803	135	655	7	1	1	0	0	0	
804	4	815	5	0	0	0	1	1	
805	4	815	5	0	0	0	1	1	
806	2	500	7	0	0	1	1	1	
807	1	345	8	1	1	0	1	0	
808	233	740	10	0	1	1	0	1	
809	119	810	7	1	0	1	1	0	
810	190	920	6	1	0	1	0	1	
811	233	740	10	0	1	1	0	1	
812	135	655	7	1	1	0	0	0	
813	190	920	6	1	0	1	0	1	
814	119	810	7	1	0	1	1	0	
815	190	920	6	1	0	1	0	1	
816	190	920	6	1	0	1	0	1	
817	190	920	6	1	0	1	0	1	
818	190	920	6	1	0	1	0	1	
819	30	675	7	0	1	1	0	0	
820	119	810	7	1	0	1	1	0	
821	190	920	6	1	0	1	0	1	
822	191	930	10	1	0	0	1	0	
823	190	920	6	1	0	1	0	1	
824	190	920	6	1	0	1	0	1	
825	45	910	8	0	0	0	1	1	

