DATASET = ORTEC Early VeRoLog 2019 - easy
NAME = Instance 5 easy

DAYS = 55
TRUCK_CAPACITY = 18
TRUCK_MAX_DISTANCE = 1430

TRUCK_DISTANCE_COST = 100
TRUCK_DAY_COST = 10000
TRUCK_COST = 1000
TECHNICIAN_DISTANCE_COST = 100000
TECHNICIAN_DAY_COST = 100
TECHNICIAN_COST = 100000

MACHINES = 7
	1	4	915
	2	3	625
	3	7	355
	4	3	120
	5	8	995
	6	7	980
	7	6	955

LOCATIONS = 273
	1	558	663
	2	559	244
	3	215	320
	4	536	753
	5	606	674
	6	471	218
	7	482	748
	8	353	513
	9	124	309
	10	702	557
	11	256	332
	12	163	317
	13	195	302
	14	314	471
	15	230	411
	16	311	472
	17	463	448
	18	485	406
	19	332	314
	20	211	173
	21	698	701
	22	202	336
	23	496	451
	24	412	280
	25	537	393
	26	371	442
	27	758	476
	28	417	416
	29	284	477
	30	445	268
	31	219	345
	32	499	392
	33	327	478
	34	267	307
	35	371	449
	36	41	198
	37	262	502
	38	167	370
	39	260	437
	40	590	351
	41	550	585
	42	299	523
	43	49	161
	44	205	218
	45	546	743
	46	162	362
	47	290	634
	48	249	349
	49	207	366
	50	235	336
	51	91	194
	52	212	376
	53	310	572
	54	190	394
	55	562	340
	56	288	454
	57	275	530
	58	436	215
	59	669	340
	60	315	385
	61	286	383
	62	417	218
	63	318	449
	64	247	305
	65	476	22
	66	285	625
	67	324	426
	68	475	451
	69	415	431
	70	745	654
	71	452	718
	72	708	433
	73	221	336
	74	350	266
	75	524	752
	76	216	423
	77	638	698
	78	318	455
	79	662	698
	80	362	383
	81	360	230
	82	289	241
	83	659	570
	84	693	437
	85	299	262
	86	292	471
	87	310	389
	88	106	127
	89	90	182
	90	368	388
	91	277	517
	92	234	342
	93	475	662
	94	487	342
	95	313	466
	96	354	266
	97	471	388
	98	261	234
	99	266	529
	100	309	465
	101	599	353
	102	545	14
	103	646	467
	104	242	339
	105	467	461
	106	325	314
	107	267	456
	108	580	768
	109	383	763
	110	572	109
	111	612	393
	112	495	319
	113	423	411
	114	429	412
	115	391	568
	116	356	388
	117	354	376
	118	215	424
	119	459	411
	120	790	713
	121	312	389
	122	339	299
	123	231	412
	124	548	110
	125	196	193
	126	262	315
	127	544	230
	128	328	534
	129	419	414
	130	227	374
	131	111	160
	132	298	571
	133	139	149
	134	328	455
	135	308	455
	136	221	417
	137	347	404
	138	286	452
	139	621	457
	140	171	363
	141	470	287
	142	188	386
	143	701	353
	144	356	330
	145	275	221
	146	299	481
	147	193	194
	148	568	520
	149	646	540
	150	267	511
	151	402	329
	152	497	736
	153	193	372
	154	231	408
	155	464	439
	156	403	409
	157	516	71
	158	536	216
	159	522	115
	160	259	233
	161	361	397
	162	104	211
	163	460	626
	164	788	641
	165	261	497
	166	561	113
	167	74	272
	168	289	406
	169	186	379
	170	471	666
	171	567	214
	172	443	289
	173	719	440
	174	666	654
	175	662	685
	176	562	391
	177	505	206
	178	530	132
	179	666	656
	180	265	399
	181	603	329
	182	416	408
	183	328	406
	184	363	419
	185	559	340
	186	532	295
	187	200	365
	188	361	391
	189	221	272
	190	425	191
	191	85	136
	192	329	461
	193	479	356
	194	574	421
	195	376	431
	196	228	407
	197	544	144
	198	602	327
	199	478	27
	200	425	412
	201	568	433
	202	403	277
	203	214	339
	204	329	374
	205	434	427
	206	256	353
	207	495	358
	208	211	376
	209	288	454
	210	390	205
	211	355	299
	212	487	143
	213	530	38
	214	629	746
	215	524	349
	216	285	562
	217	193	387
	218	264	519
	219	311	261
	220	399	247
	221	355	356
	222	254	497
	223	421	419
	224	302	436
	225	225	224
	226	356	372
	227	355	554
	228	317	469
	229	644	381
	230	185	382
	231	317	469
	232	296	309
	233	261	545
	234	547	710
	235	431	246
	236	383	763
	237	555	611
	238	348	237
	239	384	403
	240	516	756
	241	431	352
	242	264	452
	243	344	400
	244	561	393
	245	532	224
	246	480	562
	247	218	340
	248	479	467
	249	657	397
	250	752	575
	251	664	662
	252	750	709
	253	251	330
	254	579	582
	255	352	744
	256	550	460
	257	514	49
	258	519	348
	259	595	505
	260	397	379
	261	608	557
	262	672	681
	263	463	388
	264	542	416
	265	310	461
	266	148	262
	267	401	423
	268	407	356
	269	203	345
	270	314	310
	271	332	451
	272	613	320
	273	732	423

REQUESTS = 750
	1	190	1	4	6	1
	2	16	1	2	5	2
	3	89	1	4	5	2
	4	157	1	2	7	2
	5	187	1	2	1	2
	6	71	1	5	5	2
	7	250	1	4	7	2
	8	29	1	5	2	1
	9	49	1	4	6	2
	10	127	1	2	5	2
	11	58	1	3	5	2
	12	45	1	2	7	2
	13	12	1	4	5	1
	14	26	1	6	3	2
	15	22	1	3	1	3
	16	33	1	2	2	2
	17	151	1	3	3	1
	18	22	1	4	5	2
	19	17	1	3	5	2
	20	196	2	4	6	1
	21	60	2	6	3	2
	22	87	2	3	7	1
	23	52	2	3	1	1
	24	178	2	5	6	1
	25	92	2	7	6	1
	26	69	2	3	2	1
	27	47	2	4	4	1
	28	175	2	6	1	2
	29	145	2	5	1	2
	30	22	2	7	7	2
	31	163	2	7	1	2
	32	17	2	3	6	1
	33	242	2	5	4	3
	34	29	3	8	3	2
	35	181	3	8	7	1
	36	164	3	8	2	3
	37	118	3	4	5	2
	38	160	3	4	4	2
	39	27	3	7	5	2
	40	154	3	7	7	3
	41	103	3	8	3	1
	42	205	3	8	4	2
	43	74	3	7	3	1
	44	130	3	7	2	1
	45	45	3	6	4	1
	46	51	3	6	6	2
	47	122	3	5	2	2
	48	35	3	8	4	1
	49	98	3	6	6	2
	50	191	3	6	6	1
	51	234	3	8	4	1
	52	88	4	6	3	1
	53	75	4	5	4	2
	54	105	4	6	4	3
	55	182	4	5	2	3
	56	167	4	9	1	3
	57	131	4	9	5	1
	58	24	4	6	7	3
	59	165	4	7	7	3
	60	3	4	5	5	1
	61	244	4	8	7	2
	62	179	4	7	2	3
	63	78	4	5	7	3
	64	49	4	7	5	2
	65	107	4	9	5	1
	66	78	4	8	5	2
	67	133	4	5	5	2
	68	25	4	6	6	1
	69	100	4	7	5	1
	70	229	4	5	2	3
	71	64	4	8	3	2
	72	91	4	9	2	2
	73	71	5	8	3	1
	74	98	5	8	7	2
	75	98	5	6	4	1
	76	191	5	7	4	2
	77	148	5	6	3	1
	78	172	5	10	4	3
	79	92	5	8	3	1
	80	248	5	8	3	2
	81	30	5	9	1	3
	82	142	5	8	7	1
	83	121	6	9	7	1
	84	110	6	9	7	2
	85	164	6	11	6	2
	86	31	6	7	1	2
	87	245	6	8	6	1
	88	110	6	9	3	2
	89	96	6	10	4	1
	90	127	6	10	6	1
	91	202	6	8	6	1
	92	194	6	9	1	2
	93	77	6	11	1	2
	94	244	6	10	7	1
	95	169	6	10	2	2
	96	61	6	10	2	1
	97	91	6	11	4	1
	98	251	6	7	3	1
	99	39	6	9	6	2
	100	7	6	8	1	2
	101	225	7	12	3	2
	102	31	7	11	5	2
	103	237	7	9	2	1
	104	148	7	11	7	3
	105	133	7	12	3	2
	106	67	7	10	6	1
	107	132	7	9	2	1
	108	109	7	10	4	1
	109	147	7	12	1	1
	110	250	7	9	5	1
	111	25	7	12	4	1
	112	77	7	9	3	2
	113	28	7	12	3	1
	114	73	7	11	1	1
	115	215	7	12	1	2
	116	154	7	11	1	3
	117	241	7	8	2	1
	118	72	7	11	7	3
	119	44	7	8	6	2
	120	239	7	8	7	1
	121	51	7	11	1	3
	122	123	8	9	5	1
	123	133	8	11	6	1
	124	204	8	13	6	1
	125	29	8	13	4	2
	126	202	8	10	7	2
	127	172	8	12	3	1
	128	84	8	9	1	1
	129	72	8	9	6	2
	130	57	8	10	3	2
	131	41	8	10	7	2
	132	80	8	10	6	2
	133	197	8	9	3	1
	134	199	9	13	6	1
	135	48	9	12	2	1
	136	214	9	10	3	1
	137	81	9	10	2	3
	138	101	9	10	6	2
	139	159	9	10	1	1
	140	137	9	12	5	2
	141	152	9	12	4	2
	142	193	9	14	3	1
	143	202	9	13	6	2
	144	108	9	12	6	1
	145	94	9	10	3	2
	146	84	9	12	3	1
	147	204	9	11	5	1
	148	138	10	12	4	1
	149	55	10	12	2	2
	150	68	10	12	7	3
	151	202	10	12	5	2
	152	215	10	13	6	2
	153	84	10	14	1	1
	154	165	10	12	1	3
	155	58	10	15	5	1
	156	24	10	12	2	3
	157	119	10	13	6	2
	158	146	10	11	5	2
	159	207	10	12	6	2
	160	163	10	14	2	2
	161	164	10	12	5	2
	162	222	10	15	6	2
	163	92	10	14	7	3
	164	101	10	12	5	2
	165	50	10	11	5	2
	166	243	10	12	1	1
	167	71	11	15	3	1
	168	209	11	16	1	3
	169	220	11	16	7	2
	170	250	11	16	4	3
	171	57	11	15	7	2
	172	48	11	16	4	3
	173	107	11	16	3	2
	174	217	11	13	2	2
	175	236	11	14	5	1
	176	23	11	16	7	3
	177	197	11	16	5	2
	178	96	11	14	5	1
	179	208	11	14	3	1
	180	121	12	16	1	2
	181	37	12	17	4	2
	182	43	12	13	4	2
	183	239	12	16	2	3
	184	66	12	14	1	3
	185	56	12	16	2	1
	186	33	12	14	3	2
	187	195	12	14	7	3
	188	191	12	14	1	3
	189	150	12	17	3	2
	190	215	12	13	7	1
	191	55	12	16	6	1
	192	242	12	13	2	1
	193	125	12	13	6	2
	194	163	12	15	5	2
	195	165	12	17	7	3
	196	41	12	16	1	2
	197	202	12	17	4	3
	198	85	12	13	2	2
	199	121	12	17	1	1
	200	25	12	14	7	3
	201	20	12	15	2	2
	202	72	12	15	6	2
	203	104	12	13	5	1
	204	236	12	15	2	3
	205	128	12	13	7	1
	206	73	12	13	3	2
	207	177	12	14	7	1
	208	43	13	16	5	2
	209	214	13	16	2	2
	210	69	13	14	6	2
	211	85	13	14	3	1
	212	211	13	18	3	1
	213	176	13	14	5	2
	214	70	13	16	3	1
	215	39	13	16	6	2
	216	143	13	17	1	3
	217	243	13	15	4	2
	218	32	13	17	1	2
	219	243	13	15	2	3
	220	60	13	15	4	3
	221	165	13	16	2	3
	222	62	13	17	4	1
	223	162	13	15	5	2
	224	186	13	18	2	1
	225	118	13	17	6	2
	226	76	14	16	6	1
	227	77	14	17	6	1
	228	137	14	17	6	1
	229	182	14	19	7	3
	230	136	14	18	2	3
	231	221	14	16	3	1
	232	194	14	16	1	3
	233	32	14	16	4	2
	234	157	14	15	6	1
	235	203	14	19	5	2
	236	134	14	19	1	3
	237	20	14	17	1	1
	238	20	15	16	2	1
	239	77	15	19	4	1
	240	77	15	17	2	3
	241	208	15	19	1	1
	242	8	15	20	7	2
	243	244	15	20	3	1
	244	169	15	20	3	2
	245	63	15	18	6	1
	246	244	15	19	4	3
	247	57	15	19	6	1
	248	48	15	17	2	2
	249	199	15	19	5	1
	250	156	15	19	7	3
	251	31	15	17	7	2
	252	53	15	18	3	1
	253	45	15	20	1	1
	254	145	15	20	4	3
	255	149	15	20	2	1
	256	59	15	20	6	2
	257	36	15	16	1	2
	258	21	15	17	6	1
	259	100	15	18	4	2
	260	44	16	21	1	2
	261	46	16	20	2	1
	262	29	16	20	7	1
	263	14	16	18	3	1
	264	207	16	19	4	3
	265	247	16	17	4	2
	266	36	16	21	6	2
	267	107	16	19	4	2
	268	189	16	18	1	2
	269	158	16	17	1	3
	270	109	17	19	1	1
	271	165	17	22	1	2
	272	62	17	20	4	2
	273	192	17	22	6	1
	274	173	17	18	6	2
	275	208	17	21	7	3
	276	85	17	18	4	1
	277	132	17	20	3	2
	278	155	17	20	5	1
	279	113	17	22	5	1
	280	177	17	19	7	2
	281	238	17	18	1	3
	282	189	17	22	4	3
	283	61	17	21	5	1
	284	167	17	18	3	1
	285	245	18	20	5	1
	286	190	18	20	6	1
	287	18	18	23	1	3
	288	169	18	22	3	2
	289	125	18	23	6	1
	290	194	18	23	5	2
	291	46	18	23	6	2
	292	220	18	23	2	1
	293	78	18	19	5	2
	294	203	18	21	5	2
	295	27	18	19	7	1
	296	93	18	19	7	3
	297	101	18	21	1	2
	298	162	18	23	1	3
	299	154	18	21	1	3
	300	111	18	21	1	3
	301	197	19	22	2	1
	302	221	19	21	3	2
	303	150	19	21	1	3
	304	43	19	21	6	1
	305	12	19	21	4	2
	306	216	19	20	2	3
	307	186	19	22	3	1
	308	29	19	23	3	1
	309	175	19	21	5	1
	310	85	19	20	7	3
	311	38	19	22	5	2
	312	239	19	24	2	1
	313	141	19	21	2	2
	314	202	20	25	4	3
	315	117	20	22	7	1
	316	95	20	22	5	2
	317	123	20	25	4	3
	318	166	20	24	3	1
	319	39	20	23	4	1
	320	73	20	22	2	2
	321	152	20	25	2	2
	322	102	20	21	5	1
	323	234	20	24	3	1
	324	124	20	24	5	2
	325	192	20	22	5	2
	326	138	20	22	1	1
	327	149	21	25	1	2
	328	102	21	25	5	1
	329	51	21	26	6	1
	330	55	21	26	5	2
	331	145	21	26	6	2
	332	160	21	23	3	1
	333	71	21	22	6	1
	334	166	21	26	6	1
	335	187	21	23	1	3
	336	118	21	25	6	2
	337	116	21	25	3	1
	338	162	21	25	5	2
	339	21	21	22	3	2
	340	123	21	25	6	1
	341	199	21	25	7	3
	342	225	22	26	3	2
	343	209	22	23	5	2
	344	104	22	25	1	3
	345	193	22	27	3	1
	346	49	22	24	7	3
	347	84	22	23	1	1
	348	50	22	26	6	2
	349	140	22	27	4	2
	350	103	22	26	1	1
	351	34	22	24	5	1
	352	137	22	23	4	3
	353	95	23	25	7	1
	354	86	23	27	3	1
	355	93	23	24	7	1
	356	186	23	26	7	2
	357	47	23	27	1	1
	358	188	23	25	5	2
	359	237	23	25	5	1
	360	117	23	28	2	2
	361	227	23	27	4	2
	362	48	23	28	6	1
	363	209	23	27	6	2
	364	20	23	25	7	2
	365	112	23	27	6	2
	366	194	23	25	3	2
	367	213	23	25	7	2
	368	59	23	25	4	3
	369	50	23	26	7	1
	370	107	23	27	3	2
	371	137	23	24	4	3
	372	2	24	26	3	2
	373	68	24	28	5	2
	374	14	24	27	4	2
	375	37	24	29	4	1
	376	142	24	29	1	3
	377	146	24	28	4	2
	378	145	24	27	4	2
	379	161	24	27	2	2
	380	120	24	28	3	2
	381	93	24	25	2	1
	382	201	24	28	4	3
	383	69	24	28	6	1
	384	195	24	25	1	1
	385	80	24	28	2	2
	386	37	24	27	5	1
	387	132	24	27	2	3
	388	12	24	25	4	2
	389	47	24	27	6	1
	390	122	24	26	3	2
	391	71	25	28	3	2
	392	228	25	29	7	1
	393	242	25	26	3	2
	394	125	25	28	2	2
	395	165	25	28	1	1
	396	231	25	29	6	2
	397	193	25	27	4	1
	398	15	26	28	7	2
	399	84	26	28	5	1
	400	213	26	30	5	1
	401	218	26	29	4	3
	402	50	26	30	3	2
	403	213	26	27	2	2
	404	37	26	30	1	2
	405	95	26	28	6	2
	406	62	26	31	2	2
	407	211	26	30	3	2
	408	42	26	29	5	2
	409	12	26	31	2	1
	410	203	26	31	7	3
	411	59	27	31	7	2
	412	56	27	32	2	3
	413	111	27	28	5	2
	414	130	27	30	6	2
	415	174	27	28	2	1
	416	185	27	28	7	1
	417	123	27	29	1	1
	418	149	27	31	4	1
	419	150	27	30	2	2
	420	38	27	29	1	3
	421	142	27	30	5	2
	422	48	27	29	4	3
	423	138	27	30	3	1
	424	124	28	33	3	2
	425	181	28	30	3	1
	426	176	28	32	7	1
	427	90	28	33	6	1
	428	109	28	32	5	2
	429	42	28	32	7	3
	430	100	28	31	7	1
	431	101	28	29	3	1
	432	57	28	29	4	1
	433	136	28	33	6	1
	434	141	28	30	7	3
	435	183	28	31	4	2
	436	201	28	30	4	3
	437	23	28	31	7	2
	438	86	29	32	6	1
	439	20	29	31	1	1
	440	21	29	34	1	2
	441	219	29	32	5	2
	442	166	29	30	1	3
	443	95	29	30	3	1
	444	122	29	33	4	2
	445	89	29	30	2	1
	446	247	29	33	5	2
	447	216	29	31	7	3
	448	92	29	32	1	3
	449	142	29	30	5	1
	450	43	29	34	2	2
	451	5	30	33	5	1
	452	38	30	34	6	2
	453	76	30	35	3	2
	454	11	30	35	6	1
	455	188	30	33	3	2
	456	192	30	33	5	2
	457	114	30	35	7	1
	458	44	30	35	1	3
	459	61	31	35	6	2
	460	217	31	32	2	2
	461	237	31	33	6	1
	462	27	31	32	5	1
	463	241	31	36	3	2
	464	20	31	36	6	2
	465	168	31	35	4	3
	466	18	31	32	3	1
	467	7	31	36	1	3
	468	153	31	32	2	1
	469	124	31	33	5	2
	470	9	31	33	3	2
	471	74	31	36	3	2
	472	118	31	36	5	1
	473	49	31	35	1	1
	474	7	32	33	4	1
	475	75	32	36	2	1
	476	155	32	37	7	3
	477	72	32	33	7	1
	478	213	32	33	5	2
	479	15	32	33	3	2
	480	59	32	34	5	1
	481	176	32	37	2	1
	482	242	32	36	1	3
	483	161	32	35	4	2
	484	52	32	37	2	2
	485	34	32	34	5	1
	486	203	32	36	2	1
	487	92	32	33	2	3
	488	228	33	35	5	1
	489	207	33	37	3	2
	490	251	33	37	1	3
	491	161	33	38	3	2
	492	251	33	36	7	2
	493	189	33	38	5	1
	494	149	33	34	3	2
	495	237	33	34	6	2
	496	97	33	35	4	1
	497	108	33	35	4	2
	498	143	33	37	5	2
	499	121	33	36	3	1
	500	102	33	36	4	1
	501	239	33	34	3	1
	502	141	34	35	6	2
	503	161	34	37	4	2
	504	6	34	38	5	2
	505	19	34	37	6	2
	506	112	34	35	1	3
	507	186	34	36	3	1
	508	183	34	35	3	1
	509	116	34	39	5	2
	510	103	34	39	4	2
	511	198	34	35	5	1
	512	50	34	37	1	2
	513	148	34	36	3	1
	514	117	34	39	3	1
	515	215	34	37	5	2
	516	235	34	36	3	1
	517	211	34	35	3	1
	518	125	34	38	6	1
	519	69	34	35	7	2
	520	234	34	37	2	1
	521	234	34	39	3	1
	522	190	35	40	7	2
	523	21	35	37	7	3
	524	63	35	37	4	2
	525	169	35	37	2	3
	526	142	35	37	4	1
	527	189	35	37	6	1
	528	41	35	39	1	1
	529	109	35	40	7	3
	530	105	35	40	3	1
	531	107	35	38	1	2
	532	136	35	40	1	2
	533	142	35	38	2	1
	534	169	35	37	1	1
	535	240	35	37	6	2
	536	210	35	37	4	2
	537	31	35	37	6	2
	538	18	35	36	5	2
	539	78	35	37	7	2
	540	216	36	38	4	1
	541	7	36	37	4	3
	542	85	36	38	3	2
	543	122	36	41	5	1
	544	154	36	40	4	1
	545	96	36	39	2	1
	546	209	36	39	7	2
	547	141	36	41	7	2
	548	2	36	39	6	1
	549	247	36	41	4	3
	550	109	36	41	7	2
	551	220	36	38	3	1
	552	182	36	37	1	1
	553	68	36	41	3	1
	554	43	37	42	6	1
	555	189	37	40	7	2
	556	123	37	42	3	1
	557	233	37	41	3	2
	558	83	37	39	7	3
	559	124	37	40	2	2
	560	84	37	41	1	3
	561	73	37	41	1	2
	562	163	37	38	3	1
	563	102	37	39	3	1
	564	106	37	41	2	3
	565	142	37	40	1	3
	566	197	37	41	5	1
	567	82	37	38	6	1
	568	217	37	39	3	1
	569	5	37	42	2	3
	570	223	37	41	4	1
	571	152	37	38	7	3
	572	160	37	38	3	1
	573	19	37	40	5	1
	574	64	38	41	2	3
	575	114	38	40	7	2
	576	76	38	41	6	1
	577	84	38	42	2	2
	578	171	38	39	2	1
	579	58	38	42	5	2
	580	160	38	42	4	1
	581	118	38	43	1	1
	582	117	38	40	2	1
	583	160	39	42	7	1
	584	189	39	44	6	2
	585	64	39	43	6	1
	586	105	39	41	4	1
	587	199	39	44	1	3
	588	19	39	42	2	1
	589	249	39	44	1	2
	590	8	39	42	1	3
	591	142	39	40	3	1
	592	48	39	42	5	2
	593	81	39	41	4	3
	594	46	39	40	3	2
	595	50	39	41	6	1
	596	205	39	42	7	3
	597	173	39	43	4	1
	598	3	39	43	4	2
	599	205	39	44	3	2
	600	88	39	40	1	2
	601	223	39	41	1	1
	602	64	39	44	5	1
	603	250	39	44	5	2
	604	223	39	43	1	2
	605	168	40	44	7	1
	606	229	40	45	5	1
	607	21	40	41	2	1
	608	109	40	42	4	1
	609	212	40	42	3	2
	610	5	40	45	3	1
	611	2	40	42	1	1
	612	40	40	45	2	3
	613	191	40	45	2	3
	614	173	40	42	5	1
	615	221	40	43	6	2
	616	42	40	42	7	3
	617	31	40	42	2	2
	618	158	40	44	3	1
	619	46	41	46	4	2
	620	180	41	43	3	2
	621	233	41	45	6	2
	622	35	41	45	3	2
	623	23	41	42	5	2
	624	41	41	43	1	3
	625	118	41	46	6	1
	626	72	41	45	1	2
	627	14	41	44	4	1
	628	136	41	46	2	1
	629	224	41	46	1	3
	630	188	41	44	7	1
	631	222	41	44	5	2
	632	220	41	45	7	2
	633	191	41	43	3	1
	634	138	41	43	7	1
	635	250	41	45	4	3
	636	231	42	45	6	2
	637	207	42	43	3	2
	638	146	42	45	5	2
	639	3	42	47	7	2
	640	93	42	43	3	2
	641	247	42	43	2	1
	642	208	42	44	4	1
	643	35	42	44	6	2
	644	18	42	44	4	2
	645	168	42	43	5	2
	646	84	42	44	2	1
	647	19	42	43	1	3
	648	213	42	44	6	1
	649	221	42	46	1	3
	650	243	42	43	1	3
	651	212	42	46	1	2
	652	78	42	46	2	1
	653	212	43	44	1	2
	654	186	43	48	7	2
	655	17	43	47	7	3
	656	197	43	48	2	1
	657	152	43	46	3	2
	658	207	43	44	3	2
	659	34	43	48	2	3
	660	27	43	46	2	2
	661	63	43	44	3	2
	662	40	43	48	5	1
	663	204	43	46	2	2
	664	90	43	48	7	3
	665	133	43	44	2	2
	666	163	44	46	6	1
	667	14	44	47	6	2
	668	3	44	47	2	2
	669	186	44	47	5	1
	670	189	44	48	6	2
	671	130	44	49	7	3
	672	202	44	46	6	1
	673	171	44	46	5	1
	674	71	44	45	2	2
	675	155	44	48	4	3
	676	175	44	47	1	1
	677	84	44	46	3	2
	678	177	44	48	1	2
	679	33	45	47	4	3
	680	85	45	47	6	1
	681	52	45	48	7	1
	682	77	45	49	3	1
	683	179	45	46	4	3
	684	102	45	50	4	3
	685	116	45	48	6	1
	686	55	45	49	7	1
	687	47	45	48	6	2
	688	77	45	50	2	3
	689	212	45	47	1	2
	690	145	45	48	5	1
	691	194	46	47	4	1
	692	188	46	49	6	2
	693	160	46	51	5	2
	694	209	46	50	3	1
	695	62	46	48	5	2
	696	78	46	47	4	1
	697	236	46	49	3	1
	698	144	46	47	6	2
	699	178	46	50	3	1
	700	232	46	50	4	1
	701	23	46	51	7	3
	702	190	46	51	1	1
	703	110	46	49	4	1
	704	101	46	51	5	1
	705	68	46	49	7	2
	706	162	46	49	7	1
	707	187	46	49	4	2
	708	246	47	51	4	2
	709	35	47	51	2	1
	710	203	47	48	1	3
	711	85	47	48	3	2
	712	229	47	48	4	1
	713	21	47	48	6	1
	714	45	47	52	5	2
	715	232	47	48	6	1
	716	10	47	52	6	2
	717	16	47	50	7	2
	718	214	47	51	5	2
	719	56	47	51	7	1
	720	173	47	48	2	2
	721	70	47	48	6	1
	722	241	47	52	1	3
	723	85	48	50	2	3
	724	173	48	49	4	1
	725	129	48	49	3	1
	726	72	48	51	4	3
	727	19	48	50	5	1
	728	57	48	51	4	2
	729	152	48	52	3	1
	730	199	48	52	7	1
	731	203	48	50	1	2
	732	11	48	53	3	1
	733	184	49	52	1	2
	734	158	49	51	5	2
	735	117	49	54	6	2
	736	175	49	53	4	3
	737	21	49	53	5	1
	738	121	49	51	5	1
	739	45	49	53	3	2
	740	49	49	54	2	3
	741	20	49	50	3	1
	742	235	49	50	1	3
	743	191	49	54	3	2
	744	91	49	54	1	1
	745	53	49	54	5	2
	746	223	49	54	2	1
	747	159	49	53	4	1
	748	69	49	52	5	2
	749	178	49	52	5	2
	750	98	49	54	4	1

TECHNICIANS = 875
1	1	590	8	1	0	0	0	0	0	0	
2	252	155	5	0	1	0	0	0	0	0	
3	1	715	5	1	0	0	1	0	0	0	
4	219	725	6	1	0	0	0	0	1	1	
5	96	415	6	0	1	0	0	0	0	0	
6	199	585	9	0	0	0	0	0	1	0	
7	79	660	9	0	0	0	1	0	0	0	
8	154	645	7	0	0	0	0	1	0	0	
9	253	325	5	0	1	0	0	0	1	1	
10	254	360	10	1	1	0	0	1	0	0	
11	164	860	7	0	1	0	0	0	0	0	
12	115	645	6	0	0	0	0	1	1	1	
13	232	470	7	1	1	0	0	0	0	1	
14	30	435	8	0	0	0	0	0	0	1	
15	255	660	7	0	0	1	0	0	0	1	
16	1	850	10	1	0	0	0	0	1	0	
17	130	570	10	0	0	0	1	1	0	1	
18	200	795	6	1	0	0	0	1	0	1	
19	103	250	8	0	0	1	0	0	0	0	
20	1	895	5	0	0	0	0	1	0	0	
21	256	760	5	1	0	0	0	0	0	0	
22	31	500	10	1	0	0	0	0	0	0	
23	1	490	7	0	0	0	1	1	0	0	
24	257	900	7	0	0	1	0	0	0	0	
25	206	270	9	0	0	0	0	0	1	1	
26	30	865	10	0	0	1	0	0	0	0	
27	237	135	10	0	0	0	0	0	1	0	
28	155	485	10	0	0	0	1	0	1	0	
29	63	515	9	0	0	0	1	1	1	0	
30	119	465	7	1	0	0	0	0	0	0	
31	258	670	10	1	0	0	0	1	0	0	
32	1	550	8	1	0	0	0	0	0	0	
33	124	210	6	0	1	0	0	0	0	0	
34	142	530	10	0	0	0	0	1	0	0	
35	1	430	9	1	0	0	0	1	0	1	
36	127	435	9	0	1	0	1	0	0	0	
37	211	295	8	0	1	1	0	1	0	0	
38	150	725	7	0	0	0	0	0	1	0	
39	259	570	8	0	0	1	0	1	0	0	
40	167	560	10	0	0	1	0	1	0	1	
41	1	205	6	1	0	1	1	0	0	0	
42	1	200	7	1	0	0	0	1	0	0	
43	134	240	9	0	1	0	1	0	0	0	
44	88	485	7	0	0	0	0	1	0	0	
45	177	740	9	1	0	0	1	0	1	0	
46	56	760	8	1	0	0	1	0	0	0	
47	1	565	5	0	0	0	1	1	1	0	
48	30	750	9	0	0	0	0	1	0	1	
49	197	400	8	0	1	0	0	0	1	1	
50	205	200	10	0	0	0	0	0	1	0	
51	34	435	6	0	1	1	0	0	0	0	
52	69	395	5	0	0	0	0	0	1	0	
53	260	915	8	0	0	0	0	1	0	0	
54	227	680	9	0	0	0	1	0	1	0	
55	261	180	9	0	0	0	0	0	1	0	
56	262	870	5	0	0	1	0	0	0	1	
57	263	505	5	0	1	0	0	1	0	1	
58	178	805	6	0	0	0	0	1	0	0	
59	235	350	5	1	0	0	0	0	0	0	
60	198	845	7	0	1	0	1	0	1	0	
61	1	945	8	0	1	0	0	1	1	0	
62	1	510	8	0	0	1	0	1	0	0	
63	168	330	5	0	0	0	0	0	0	1	
64	264	195	8	0	0	1	0	0	1	1	
65	1	680	9	1	0	0	0	0	0	0	
66	1	765	10	0	1	0	0	1	0	1	
67	24	955	6	1	0	1	0	0	0	1	
68	245	780	9	0	0	0	0	0	0	1	
69	50	865	8	1	0	0	0	0	0	1	
70	265	370	8	1	0	0	0	0	1	1	
71	75	835	9	0	0	0	0	0	1	0	
72	52	345	6	0	0	1	1	0	0	0	
73	38	405	10	1	0	0	0	0	0	0	
74	119	285	6	1	0	0	0	1	0	1	
75	266	250	10	0	0	0	1	0	1	1	
76	154	620	10	0	1	0	0	0	1	0	
77	1	195	5	0	0	0	1	1	0	0	
78	209	845	10	1	0	0	0	0	0	0	
79	22	560	9	0	1	1	1	0	0	0	
80	1	305	6	0	0	0	1	0	0	1	
81	239	410	6	0	1	0	0	0	1	0	
82	120	745	9	0	0	0	1	1	0	1	
83	165	800	9	1	0	0	1	0	0	0	
84	68	545	9	0	0	0	0	0	0	1	
85	250	790	7	0	0	0	0	0	0	1	
86	170	140	6	1	0	0	0	0	1	1	
87	1	925	10	0	1	0	0	1	0	1	
88	1	550	10	0	0	1	1	0	1	0	
89	152	325	7	0	0	1	1	0	0	0	
90	33	980	5	0	1	1	0	0	0	0	
91	1	550	9	0	0	1	0	0	1	1	
92	267	495	5	0	1	0	0	0	0	1	
93	25	700	10	0	0	0	0	1	1	0	
94	268	215	7	1	0	0	0	0	1	1	
95	25	935	9	1	0	0	1	0	1	0	
96	188	790	6	0	0	0	0	1	0	0	
97	95	205	6	0	0	1	0	1	0	1	
98	269	255	6	1	0	1	0	0	1	0	
99	1	690	8	0	0	1	0	0	0	0	
100	1	610	10	0	0	1	1	0	0	1	
101	32	595	6	0	0	0	0	1	0	1	
102	53	510	5	0	0	1	0	0	0	0	
103	1	200	7	0	1	0	0	0	0	1	
104	270	585	9	0	0	0	0	0	1	0	
105	130	805	6	0	0	0	0	1	0	0	
106	214	745	8	1	0	0	0	0	0	0	
107	225	195	10	0	1	0	0	0	0	1	
108	119	765	9	0	1	0	0	1	0	1	
109	238	635	6	0	0	1	0	1	0	1	
110	271	475	10	0	0	0	1	0	0	0	
111	90	510	7	0	0	0	1	0	0	0	
112	102	680	9	1	0	0	0	1	0	1	
113	272	345	8	0	0	0	0	0	1	0	
114	163	810	6	0	0	1	0	0	0	0	
115	56	950	9	0	0	1	1	0	0	1	
116	1	665	7	1	0	0	0	0	0	1	
117	250	710	6	0	0	0	0	0	0	1	
118	119	435	9	1	0	0	0	1	0	0	
119	87	275	7	0	1	0	0	1	1	0	
120	50	425	7	0	0	0	0	0	0	1	
121	131	995	8	1	0	0	0	0	0	0	
122	1	130	5	0	1	0	0	1	0	0	
123	273	990	7	0	1	0	0	0	0	0	
124	17	510	8	1	0	1	0	0	0	0	
125	97	940	7	1	0	0	0	0	0	0	
126	25	700	10	0	0	0	0	1	1	0	
127	200	795	6	1	0	0	0	1	0	1	
128	30	750	9	0	0	0	0	1	0	1	
129	245	780	9	0	0	0	0	0	0	1	
130	256	760	5	1	0	0	0	0	0	0	
131	1	510	8	0	0	1	0	1	0	0	
132	119	765	9	0	1	0	0	1	0	1	
133	273	990	7	0	1	0	0	0	0	0	
134	115	645	6	0	0	0	0	1	1	1	
135	1	945	8	0	1	0	0	1	1	0	
136	263	505	5	0	1	0	0	1	0	1	
137	120	745	9	0	0	0	1	1	0	1	
138	130	570	10	0	0	0	1	1	0	1	
139	1	690	8	0	0	1	0	0	0	0	
140	131	995	8	1	0	0	0	0	0	0	
141	33	980	5	0	1	1	0	0	0	0	
142	211	295	8	0	1	1	0	1	0	0	
143	88	485	7	0	0	0	0	1	0	0	
144	119	765	9	0	1	0	0	1	0	1	
145	87	275	7	0	1	0	0	1	1	0	
146	53	510	5	0	0	1	0	0	0	0	
147	56	950	9	0	0	1	1	0	0	1	
148	38	405	10	1	0	0	0	0	0	0	
149	25	700	10	0	0	0	0	1	1	0	
150	219	725	6	1	0	0	0	0	1	1	
151	119	765	9	0	1	0	0	1	0	1	
152	1	550	10	0	0	1	1	0	1	0	
153	200	795	6	1	0	0	0	1	0	1	
154	232	470	7	1	1	0	0	0	0	1	
155	253	325	5	0	1	0	0	0	1	1	
156	50	865	8	1	0	0	0	0	0	1	
157	1	550	10	0	0	1	1	0	1	0	
158	198	845	7	0	1	0	1	0	1	0	
159	33	980	5	0	1	1	0	0	0	0	
160	119	765	9	0	1	0	0	1	0	1	
161	1	765	10	0	1	0	0	1	0	1	
162	63	515	9	0	0	0	1	1	1	0	
163	165	800	9	1	0	0	1	0	0	0	
164	119	765	9	0	1	0	0	1	0	1	
165	30	750	9	0	0	0	0	1	0	1	
166	257	900	7	0	0	1	0	0	0	0	
167	165	800	9	1	0	0	1	0	0	0	
168	238	635	6	0	0	1	0	1	0	1	
169	1	945	8	0	1	0	0	1	1	0	
170	1	195	5	0	0	0	1	1	0	0	
171	270	585	9	0	0	0	0	0	1	0	
172	1	945	8	0	1	0	0	1	1	0	
173	227	680	9	0	0	0	1	0	1	0	
174	63	515	9	0	0	0	1	1	1	0	
175	270	585	9	0	0	0	0	0	1	0	
176	120	745	9	0	0	0	1	1	0	1	
177	33	980	5	0	1	1	0	0	0	0	
178	1	205	6	1	0	1	1	0	0	0	
179	1	550	10	0	0	1	1	0	1	0	
180	1	945	8	0	1	0	0	1	1	0	
181	200	795	6	1	0	0	0	1	0	1	
182	88	485	7	0	0	0	0	1	0	0	
183	24	955	6	1	0	1	0	0	0	1	
184	245	780	9	0	0	0	0	0	0	1	
185	25	700	10	0	0	0	0	1	1	0	
186	238	635	6	0	0	1	0	1	0	1	
187	1	765	10	0	1	0	0	1	0	1	
188	219	725	6	1	0	0	0	0	1	1	
189	30	750	9	0	0	0	0	1	0	1	
190	263	505	5	0	1	0	0	1	0	1	
191	200	795	6	1	0	0	0	1	0	1	
192	88	485	7	0	0	0	0	1	0	0	
193	270	585	9	0	0	0	0	0	1	0	
194	1	945	8	0	1	0	0	1	1	0	
195	1	765	10	0	1	0	0	1	0	1	
196	24	955	6	1	0	1	0	0	0	1	
197	119	765	9	0	1	0	0	1	0	1	
198	1	550	10	0	0	1	1	0	1	0	
199	50	865	8	1	0	0	0	0	0	1	
200	56	760	8	1	0	0	1	0	0	0	
201	22	560	9	0	1	1	1	0	0	0	
202	1	550	10	0	0	1	1	0	1	0	
203	165	800	9	1	0	0	1	0	0	0	
204	53	510	5	0	0	1	0	0	0	0	
205	1	550	10	0	0	1	1	0	1	0	
206	56	760	8	1	0	0	1	0	0	0	
207	167	560	10	0	0	1	0	1	0	1	
208	1	765	10	0	1	0	0	1	0	1	
209	50	865	8	1	0	0	0	0	0	1	
210	1	945	8	0	1	0	0	1	1	0	
211	265	370	8	1	0	0	0	0	1	1	
212	25	700	10	0	0	0	0	1	1	0	
213	257	900	7	0	0	1	0	0	0	0	
214	155	485	10	0	0	0	1	0	1	0	
215	219	725	6	1	0	0	0	0	1	1	
216	1	945	8	0	1	0	0	1	1	0	
217	1	590	8	1	0	0	0	0	0	0	
218	25	935	9	1	0	0	1	0	1	0	
219	119	765	9	0	1	0	0	1	0	1	
220	198	845	7	0	1	0	1	0	1	0	
221	1	925	10	0	1	0	0	1	0	1	
222	155	485	10	0	0	0	1	0	1	0	
223	24	955	6	1	0	1	0	0	0	1	
224	227	680	9	0	0	0	1	0	1	0	
225	165	800	9	1	0	0	1	0	0	0	
226	238	635	6	0	0	1	0	1	0	1	
227	1	945	8	0	1	0	0	1	1	0	
228	1	945	8	0	1	0	0	1	1	0	
229	56	950	9	0	0	1	1	0	0	1	
230	238	635	6	0	0	1	0	1	0	1	
231	25	700	10	0	0	0	0	1	1	0	
232	1	945	8	0	1	0	0	1	1	0	
233	165	800	9	1	0	0	1	0	0	0	
234	165	800	9	1	0	0	1	0	0	0	
235	1	945	8	0	1	0	0	1	1	0	
236	155	485	10	0	0	0	1	0	1	0	
237	33	980	5	0	1	1	0	0	0	0	
238	24	955	6	1	0	1	0	0	0	1	
239	165	800	9	1	0	0	1	0	0	0	
240	1	850	10	1	0	0	0	0	1	0	
241	1	850	10	1	0	0	0	0	1	0	
242	1	765	10	0	1	0	0	1	0	1	
243	200	795	6	1	0	0	0	1	0	1	
244	270	585	9	0	0	0	0	0	1	0	
245	1	765	10	0	1	0	0	1	0	1	
246	97	940	7	1	0	0	0	0	0	0	
247	1	895	5	0	0	0	0	1	0	0	
248	219	725	6	1	0	0	0	0	1	1	
249	198	845	7	0	1	0	1	0	1	0	
250	134	240	9	0	1	0	1	0	0	0	
251	219	725	6	1	0	0	0	0	1	1	
252	211	295	8	0	1	1	0	1	0	0	
253	200	795	6	1	0	0	0	1	0	1	
254	1	850	10	1	0	0	0	0	1	0	
255	56	950	9	0	0	1	1	0	0	1	
256	245	780	9	0	0	0	0	0	0	1	
257	253	325	5	0	1	0	0	0	1	1	
258	238	635	6	0	0	1	0	1	0	1	
259	198	845	7	0	1	0	1	0	1	0	
260	267	495	5	0	1	0	0	0	0	1	
261	1	550	9	0	0	1	0	0	1	1	
262	273	990	7	0	1	0	0	0	0	0	
263	155	485	10	0	0	0	1	0	1	0	
264	102	680	9	1	0	0	0	1	0	1	
265	1	925	10	0	1	0	0	1	0	1	
266	1	550	10	0	0	1	1	0	1	0	
267	238	635	6	0	0	1	0	1	0	1	
268	270	585	9	0	0	0	0	0	1	0	
269	1	850	10	1	0	0	0	0	1	0	
270	1	690	8	0	0	1	0	0	0	0	
271	1	550	10	0	0	1	1	0	1	0	
272	130	570	10	0	0	0	1	1	0	1	
273	165	800	9	1	0	0	1	0	0	0	
274	33	980	5	0	1	1	0	0	0	0	
275	219	725	6	1	0	0	0	0	1	1	
276	63	515	9	0	0	0	1	1	1	0	
277	25	935	9	1	0	0	1	0	1	0	
278	209	845	10	1	0	0	0	0	0	0	
279	232	470	7	1	1	0	0	0	0	1	
280	119	765	9	0	1	0	0	1	0	1	
281	197	400	8	0	1	0	0	0	1	1	
282	155	485	10	0	0	0	1	0	1	0	
283	130	570	10	0	0	0	1	1	0	1	
284	63	515	9	0	0	0	1	1	1	0	
285	1	945	8	0	1	0	0	1	1	0	
286	1	765	10	0	1	0	0	1	0	1	
287	227	680	9	0	0	0	1	0	1	0	
288	119	765	9	0	1	0	0	1	0	1	
289	25	700	10	0	0	0	0	1	1	0	
290	200	795	6	1	0	0	0	1	0	1	
291	219	725	6	1	0	0	0	0	1	1	
292	1	550	9	0	0	1	0	0	1	1	
293	256	760	5	1	0	0	0	0	0	0	
294	130	570	10	0	0	0	1	1	0	1	
295	198	845	7	0	1	0	1	0	1	0	
296	219	725	6	1	0	0	0	0	1	1	
297	165	800	9	1	0	0	1	0	0	0	
298	52	345	6	0	0	1	1	0	0	0	
299	119	765	9	0	1	0	0	1	0	1	
300	200	795	6	1	0	0	0	1	0	1	
301	130	570	10	0	0	0	1	1	0	1	
302	32	595	6	0	0	0	0	1	0	1	
303	25	700	10	0	0	0	0	1	1	0	
304	56	950	9	0	0	1	1	0	0	1	
305	219	725	6	1	0	0	0	0	1	1	
306	165	800	9	1	0	0	1	0	0	0	
307	56	760	8	1	0	0	1	0	0	0	
308	1	945	8	0	1	0	0	1	1	0	
309	97	940	7	1	0	0	0	0	0	0	
310	263	505	5	0	1	0	0	1	0	1	
311	163	810	6	0	0	1	0	0	0	0	
312	119	765	9	0	1	0	0	1	0	1	
313	50	865	8	1	0	0	0	0	0	1	
314	1	690	8	0	0	1	0	0	0	0	
315	200	795	6	1	0	0	0	1	0	1	
316	219	725	6	1	0	0	0	0	1	1	
317	263	505	5	0	1	0	0	1	0	1	
318	253	325	5	0	1	0	0	0	1	1	
319	1	945	8	0	1	0	0	1	1	0	
320	1	765	10	0	1	0	0	1	0	1	
321	17	510	8	1	0	1	0	0	0	0	
322	63	515	9	0	0	0	1	1	1	0	
323	96	415	6	0	1	0	0	0	0	0	
324	97	940	7	1	0	0	0	0	0	0	
325	200	795	6	1	0	0	0	1	0	1	
326	225	195	10	0	1	0	0	0	0	1	
327	1	945	8	0	1	0	0	1	1	0	
328	200	795	6	1	0	0	0	1	0	1	
329	1	945	8	0	1	0	0	1	1	0	
330	219	725	6	1	0	0	0	0	1	1	
331	257	900	7	0	0	1	0	0	0	0	
332	263	505	5	0	1	0	0	1	0	1	
333	238	635	6	0	0	1	0	1	0	1	
334	119	765	9	0	1	0	0	1	0	1	
335	268	215	7	1	0	0	0	0	1	1	
336	238	635	6	0	0	1	0	1	0	1	
337	33	980	5	0	1	1	0	0	0	0	
338	200	795	6	1	0	0	0	1	0	1	
339	1	510	8	0	0	1	0	1	0	0	
340	198	845	7	0	1	0	1	0	1	0	
341	200	795	6	1	0	0	0	1	0	1	
342	165	800	9	1	0	0	1	0	0	0	
343	25	935	9	1	0	0	1	0	1	0	
344	134	240	9	0	1	0	1	0	0	0	
345	56	950	9	0	0	1	1	0	0	1	
346	33	980	5	0	1	1	0	0	0	0	
347	25	935	9	1	0	0	1	0	1	0	
348	238	635	6	0	0	1	0	1	0	1	
349	1	945	8	0	1	0	0	1	1	0	
350	270	585	9	0	0	0	0	0	1	0	
351	206	270	9	0	0	0	0	0	1	1	
352	1	850	10	1	0	0	0	0	1	0	
353	154	620	10	0	1	0	0	0	1	0	
354	219	725	6	1	0	0	0	0	1	1	
355	1	945	8	0	1	0	0	1	1	0	
356	211	295	8	0	1	1	0	1	0	0	
357	165	800	9	1	0	0	1	0	0	0	
358	90	510	7	0	0	0	1	0	0	0	
359	219	725	6	1	0	0	0	0	1	1	
360	200	795	6	1	0	0	0	1	0	1	
361	200	795	6	1	0	0	0	1	0	1	
362	219	725	6	1	0	0	0	0	1	1	
363	225	195	10	0	1	0	0	0	0	1	
364	1	550	10	0	0	1	1	0	1	0	
365	1	945	8	0	1	0	0	1	1	0	
366	31	500	10	1	0	0	0	0	0	0	
367	263	505	5	0	1	0	0	1	0	1	
368	1	690	8	0	0	1	0	0	0	0	
369	56	950	9	0	0	1	1	0	0	1	
370	1	945	8	0	1	0	0	1	1	0	
371	56	950	9	0	0	1	1	0	0	1	
372	1	945	8	0	1	0	0	1	1	0	
373	232	470	7	1	1	0	0	0	0	1	
374	30	750	9	0	0	0	0	1	0	1	
375	263	505	5	0	1	0	0	1	0	1	
376	200	795	6	1	0	0	0	1	0	1	
377	1	550	10	0	0	1	1	0	1	0	
378	256	760	5	1	0	0	0	0	0	0	
379	56	950	9	0	0	1	1	0	0	1	
380	119	765	9	0	1	0	0	1	0	1	
381	25	700	10	0	0	0	0	1	1	0	
382	165	800	9	1	0	0	1	0	0	0	
383	1	550	9	0	0	1	0	0	1	1	
384	56	950	9	0	0	1	1	0	0	1	
385	56	760	8	1	0	0	1	0	0	0	
386	253	325	5	0	1	0	0	0	1	1	
387	219	725	6	1	0	0	0	0	1	1	
388	238	635	6	0	0	1	0	1	0	1	
389	25	935	9	1	0	0	1	0	1	0	
390	56	950	9	0	0	1	1	0	0	1	
391	219	725	6	1	0	0	0	0	1	1	
392	227	680	9	0	0	0	1	0	1	0	
393	200	795	6	1	0	0	0	1	0	1	
394	17	510	8	1	0	1	0	0	0	0	
395	200	795	6	1	0	0	0	1	0	1	
396	119	465	7	1	0	0	0	0	0	0	
397	130	570	10	0	0	0	1	1	0	1	
398	198	845	7	0	1	0	1	0	1	0	
399	25	700	10	0	0	0	0	1	1	0	
400	200	795	6	1	0	0	0	1	0	1	
401	56	950	9	0	0	1	1	0	0	1	
402	56	950	9	0	0	1	1	0	0	1	
403	119	285	6	1	0	0	0	1	0	1	
404	1	765	10	0	1	0	0	1	0	1	
405	119	765	9	0	1	0	0	1	0	1	
406	200	795	6	1	0	0	0	1	0	1	
407	165	800	9	1	0	0	1	0	0	0	
408	130	570	10	0	0	0	1	1	0	1	
409	56	950	9	0	0	1	1	0	0	1	
410	30	750	9	0	0	0	0	1	0	1	
411	197	400	8	0	1	0	0	0	1	1	
412	177	740	9	1	0	0	1	0	1	0	
413	56	950	9	0	0	1	1	0	0	1	
414	266	250	10	0	0	0	1	0	1	1	
415	1	765	10	0	1	0	0	1	0	1	
416	25	935	9	1	0	0	1	0	1	0	
417	119	765	9	0	1	0	0	1	0	1	
418	1	765	10	0	1	0	0	1	0	1	
419	238	635	6	0	0	1	0	1	0	1	
420	200	795	6	1	0	0	0	1	0	1	
421	1	765	10	0	1	0	0	1	0	1	
422	50	865	8	1	0	0	0	0	0	1	
423	219	725	6	1	0	0	0	0	1	1	
424	31	500	10	1	0	0	0	0	0	0	
425	200	795	6	1	0	0	0	1	0	1	
426	198	845	7	0	1	0	1	0	1	0	
427	56	950	9	0	0	1	1	0	0	1	
428	1	680	9	1	0	0	0	0	0	0	
429	219	725	6	1	0	0	0	0	1	1	
430	63	515	9	0	0	0	1	1	1	0	
431	33	980	5	0	1	1	0	0	0	0	
432	56	950	9	0	0	1	1	0	0	1	
433	1	690	8	0	0	1	0	0	0	0	
434	119	765	9	0	1	0	0	1	0	1	
435	219	725	6	1	0	0	0	0	1	1	
436	142	530	10	0	0	0	0	1	0	0	
437	198	845	7	0	1	0	1	0	1	0	
438	267	495	5	0	1	0	0	0	0	1	
439	165	800	9	1	0	0	1	0	0	0	
440	50	865	8	1	0	0	0	0	0	1	
441	238	635	6	0	0	1	0	1	0	1	
442	56	950	9	0	0	1	1	0	0	1	
443	56	950	9	0	0	1	1	0	0	1	
444	165	800	9	1	0	0	1	0	0	0	
445	119	765	9	0	1	0	0	1	0	1	
446	273	990	7	0	1	0	0	0	0	0	
447	30	750	9	0	0	0	0	1	0	1	
448	1	610	10	0	0	1	1	0	0	1	
449	200	795	6	1	0	0	0	1	0	1	
450	1	945	8	0	1	0	0	1	1	0	
451	200	795	6	1	0	0	0	1	0	1	
452	200	795	6	1	0	0	0	1	0	1	
453	178	805	6	0	0	0	0	1	0	0	
454	219	725	6	1	0	0	0	0	1	1	
455	119	285	6	1	0	0	0	1	0	1	
456	25	700	10	0	0	0	0	1	1	0	
457	56	950	9	0	0	1	1	0	0	1	
458	1	945	8	0	1	0	0	1	1	0	
459	219	725	6	1	0	0	0	0	1	1	
460	219	725	6	1	0	0	0	0	1	1	
461	219	725	6	1	0	0	0	0	1	1	
462	56	950	9	0	0	1	1	0	0	1	
463	200	795	6	1	0	0	0	1	0	1	
464	1	550	10	0	0	1	1	0	1	0	
465	25	935	9	1	0	0	1	0	1	0	
466	219	725	6	1	0	0	0	0	1	1	
467	56	950	9	0	0	1	1	0	0	1	
468	263	505	5	0	1	0	0	1	0	1	
469	200	795	6	1	0	0	0	1	0	1	
470	56	950	9	0	0	1	1	0	0	1	
471	219	725	6	1	0	0	0	0	1	1	
472	200	795	6	1	0	0	0	1	0	1	
473	219	725	6	1	0	0	0	0	1	1	
474	130	570	10	0	0	0	1	1	0	1	
475	200	795	6	1	0	0	0	1	0	1	
476	200	795	6	1	0	0	0	1	0	1	
477	25	935	9	1	0	0	1	0	1	0	
478	200	795	6	1	0	0	0	1	0	1	
479	17	510	8	1	0	1	0	0	0	0	
480	24	955	6	1	0	1	0	0	0	1	
481	200	795	6	1	0	0	0	1	0	1	
482	265	370	8	1	0	0	0	0	1	1	
483	200	795	6	1	0	0	0	1	0	1	
484	258	670	10	1	0	0	0	1	0	0	
485	232	470	7	1	1	0	0	0	0	1	
486	165	800	9	1	0	0	1	0	0	0	
487	25	700	10	0	0	0	0	1	1	0	
488	239	410	6	0	1	0	0	0	1	0	
489	30	750	9	0	0	0	0	1	0	1	
490	219	725	6	1	0	0	0	0	1	1	
491	33	980	5	0	1	1	0	0	0	0	
492	238	635	6	0	0	1	0	1	0	1	
493	56	950	9	0	0	1	1	0	0	1	
494	56	950	9	0	0	1	1	0	0	1	
495	56	950	9	0	0	1	1	0	0	1	
496	165	800	9	1	0	0	1	0	0	0	
497	238	635	6	0	0	1	0	1	0	1	
498	200	795	6	1	0	0	0	1	0	1	
499	90	510	7	0	0	0	1	0	0	0	
500	56	950	9	0	0	1	1	0	0	1	
501	200	795	6	1	0	0	0	1	0	1	
502	56	950	9	0	0	1	1	0	0	1	
503	56	950	9	0	0	1	1	0	0	1	
504	154	620	10	0	1	0	0	0	1	0	
505	1	690	8	0	0	1	0	0	0	0	
506	119	765	9	0	1	0	0	1	0	1	
507	25	935	9	1	0	0	1	0	1	0	
508	1	945	8	0	1	0	0	1	1	0	
509	1	850	10	1	0	0	0	0	1	0	
510	232	470	7	1	1	0	0	0	0	1	
511	238	635	6	0	0	1	0	1	0	1	
512	1	945	8	0	1	0	0	1	1	0	
513	56	950	9	0	0	1	1	0	0	1	
514	1	850	10	1	0	0	0	0	1	0	
515	56	950	9	0	0	1	1	0	0	1	
516	33	980	5	0	1	1	0	0	0	0	
517	200	795	6	1	0	0	0	1	0	1	
518	56	950	9	0	0	1	1	0	0	1	
519	253	325	5	0	1	0	0	0	1	1	
520	219	725	6	1	0	0	0	0	1	1	
521	63	515	9	0	0	0	1	1	1	0	
522	56	950	9	0	0	1	1	0	0	1	
523	238	635	6	0	0	1	0	1	0	1	
524	200	795	6	1	0	0	0	1	0	1	
525	102	680	9	1	0	0	0	1	0	1	
526	56	950	9	0	0	1	1	0	0	1	
527	238	635	6	0	0	1	0	1	0	1	
528	198	845	7	0	1	0	1	0	1	0	
529	258	670	10	1	0	0	0	1	0	0	
530	1	850	10	1	0	0	0	0	1	0	
531	198	845	7	0	1	0	1	0	1	0	
532	17	510	8	1	0	1	0	0	0	0	
533	130	570	10	0	0	0	1	1	0	1	
534	253	325	5	0	1	0	0	0	1	1	
535	50	865	8	1	0	0	0	0	0	1	
536	1	765	10	0	1	0	0	1	0	1	
537	1	945	8	0	1	0	0	1	1	0	
538	30	750	9	0	0	0	0	1	0	1	
539	177	740	9	1	0	0	1	0	1	0	
540	119	765	9	0	1	0	0	1	0	1	
541	50	865	8	1	0	0	0	0	0	1	
542	200	795	6	1	0	0	0	1	0	1	
543	1	550	10	0	0	1	1	0	1	0	
544	267	495	5	0	1	0	0	0	0	1	
545	219	725	6	1	0	0	0	0	1	1	
546	238	635	6	0	0	1	0	1	0	1	
547	63	515	9	0	0	0	1	1	1	0	
548	24	955	6	1	0	1	0	0	0	1	
549	56	950	9	0	0	1	1	0	0	1	
550	17	510	8	1	0	1	0	0	0	0	
551	1	765	10	0	1	0	0	1	0	1	
552	219	725	6	1	0	0	0	0	1	1	
553	1	765	10	0	1	0	0	1	0	1	
554	24	955	6	1	0	1	0	0	0	1	
555	50	865	8	1	0	0	0	0	0	1	
556	238	635	6	0	0	1	0	1	0	1	
557	155	485	10	0	0	0	1	0	1	0	
558	219	725	6	1	0	0	0	0	1	1	
559	119	285	6	1	0	0	0	1	0	1	
560	198	845	7	0	1	0	1	0	1	0	
561	1	565	5	0	0	0	1	1	1	0	
562	238	635	6	0	0	1	0	1	0	1	
563	1	945	8	0	1	0	0	1	1	0	
564	209	845	10	1	0	0	0	0	0	0	
565	97	940	7	1	0	0	0	0	0	0	
566	1	945	8	0	1	0	0	1	1	0	
567	219	725	6	1	0	0	0	0	1	1	
568	238	635	6	0	0	1	0	1	0	1	
569	227	680	9	0	0	0	1	0	1	0	
570	33	980	5	0	1	1	0	0	0	0	
571	263	505	5	0	1	0	0	1	0	1	
572	56	950	9	0	0	1	1	0	0	1	
573	97	940	7	1	0	0	0	0	0	0	
574	200	795	6	1	0	0	0	1	0	1	
575	33	980	5	0	1	1	0	0	0	0	
576	1	195	5	0	0	0	1	1	0	0	
577	219	725	6	1	0	0	0	0	1	1	
578	163	810	6	0	0	1	0	0	0	0	
579	219	725	6	1	0	0	0	0	1	1	
580	238	635	6	0	0	1	0	1	0	1	
581	200	795	6	1	0	0	0	1	0	1	
582	238	635	6	0	0	1	0	1	0	1	
583	50	865	8	1	0	0	0	0	0	1	
584	219	725	6	1	0	0	0	0	1	1	
585	1	945	8	0	1	0	0	1	1	0	
586	155	485	10	0	0	0	1	0	1	0	
587	1	765	10	0	1	0	0	1	0	1	
588	24	955	6	1	0	1	0	0	0	1	
589	219	725	6	1	0	0	0	0	1	1	
590	56	760	8	1	0	0	1	0	0	0	
591	238	635	6	0	0	1	0	1	0	1	
592	165	800	9	1	0	0	1	0	0	0	
593	33	980	5	0	1	1	0	0	0	0	
594	238	635	6	0	0	1	0	1	0	1	
595	238	635	6	0	0	1	0	1	0	1	
596	56	950	9	0	0	1	1	0	0	1	
597	1	945	8	0	1	0	0	1	1	0	
598	200	795	6	1	0	0	0	1	0	1	
599	56	950	9	0	0	1	1	0	0	1	
600	1	765	10	0	1	0	0	1	0	1	
601	56	950	9	0	0	1	1	0	0	1	
602	56	950	9	0	0	1	1	0	0	1	
603	200	795	6	1	0	0	0	1	0	1	
604	56	950	9	0	0	1	1	0	0	1	
605	119	765	9	0	1	0	0	1	0	1	
606	33	980	5	0	1	1	0	0	0	0	
607	258	670	10	1	0	0	0	1	0	0	
608	56	950	9	0	0	1	1	0	0	1	
609	119	765	9	0	1	0	0	1	0	1	
610	25	700	10	0	0	0	0	1	1	0	
611	198	845	7	0	1	0	1	0	1	0	
612	211	295	8	0	1	1	0	1	0	0	
613	200	795	6	1	0	0	0	1	0	1	
614	56	950	9	0	0	1	1	0	0	1	
615	256	760	5	1	0	0	0	0	0	0	
616	33	980	5	0	1	1	0	0	0	0	
617	120	745	9	0	0	0	1	1	0	1	
618	200	795	6	1	0	0	0	1	0	1	
619	33	980	5	0	1	1	0	0	0	0	
620	198	845	7	0	1	0	1	0	1	0	
621	1	610	10	0	0	1	1	0	0	1	
622	56	950	9	0	0	1	1	0	0	1	
623	1	945	8	0	1	0	0	1	1	0	
624	257	900	7	0	0	1	0	0	0	0	
625	25	935	9	1	0	0	1	0	1	0	
626	56	950	9	0	0	1	1	0	0	1	
627	25	935	9	1	0	0	1	0	1	0	
628	56	950	9	0	0	1	1	0	0	1	
629	1	945	8	0	1	0	0	1	1	0	
630	219	725	6	1	0	0	0	0	1	1	
631	200	795	6	1	0	0	0	1	0	1	
632	56	950	9	0	0	1	1	0	0	1	
633	56	950	9	0	0	1	1	0	0	1	
634	200	795	6	1	0	0	0	1	0	1	
635	56	950	9	0	0	1	1	0	0	1	
636	238	635	6	0	0	1	0	1	0	1	
637	265	370	8	1	0	0	0	0	1	1	
638	56	950	9	0	0	1	1	0	0	1	
639	22	560	9	0	1	1	1	0	0	0	
640	1	765	10	0	1	0	0	1	0	1	
641	56	950	9	0	0	1	1	0	0	1	
642	24	955	6	1	0	1	0	0	0	1	
643	154	620	10	0	1	0	0	0	1	0	
644	56	950	9	0	0	1	1	0	0	1	
645	119	765	9	0	1	0	0	1	0	1	
646	56	950	9	0	0	1	1	0	0	1	
647	200	795	6	1	0	0	0	1	0	1	
648	1	665	7	1	0	0	0	0	0	1	
649	198	845	7	0	1	0	1	0	1	0	
650	232	470	7	1	1	0	0	0	0	1	
651	198	845	7	0	1	0	1	0	1	0	
652	219	725	6	1	0	0	0	0	1	1	
653	165	800	9	1	0	0	1	0	0	0	
654	56	950	9	0	0	1	1	0	0	1	
655	56	950	9	0	0	1	1	0	0	1	
656	219	725	6	1	0	0	0	0	1	1	
657	200	795	6	1	0	0	0	1	0	1	
658	232	470	7	1	1	0	0	0	0	1	
659	165	800	9	1	0	0	1	0	0	0	
660	1	945	8	0	1	0	0	1	1	0	
661	56	950	9	0	0	1	1	0	0	1	
662	150	725	7	0	0	0	0	0	1	0	
663	238	635	6	0	0	1	0	1	0	1	
664	56	950	9	0	0	1	1	0	0	1	
665	56	950	9	0	0	1	1	0	0	1	
666	165	800	9	1	0	0	1	0	0	0	
667	238	635	6	0	0	1	0	1	0	1	
668	238	635	6	0	0	1	0	1	0	1	
669	56	950	9	0	0	1	1	0	0	1	
670	33	980	5	0	1	1	0	0	0	0	
671	238	635	6	0	0	1	0	1	0	1	
672	232	470	7	1	1	0	0	0	0	1	
673	199	585	9	0	0	0	0	0	1	0	
674	56	950	9	0	0	1	1	0	0	1	
675	56	950	9	0	0	1	1	0	0	1	
676	24	955	6	1	0	1	0	0	0	1	
677	17	510	8	1	0	1	0	0	0	0	
678	56	950	9	0	0	1	1	0	0	1	
679	219	725	6	1	0	0	0	0	1	1	
680	56	950	9	0	0	1	1	0	0	1	
681	24	955	6	1	0	1	0	0	0	1	
682	53	510	5	0	0	1	0	0	0	0	
683	200	795	6	1	0	0	0	1	0	1	
684	33	980	5	0	1	1	0	0	0	0	
685	97	940	7	1	0	0	0	0	0	0	
686	200	795	6	1	0	0	0	1	0	1	
687	33	980	5	0	1	1	0	0	0	0	
688	238	635	6	0	0	1	0	1	0	1	
689	267	495	5	0	1	0	0	0	0	1	
690	200	795	6	1	0	0	0	1	0	1	
691	200	795	6	1	0	0	0	1	0	1	
692	270	585	9	0	0	0	0	0	1	0	
693	33	980	5	0	1	1	0	0	0	0	
694	1	945	8	0	1	0	0	1	1	0	
695	25	935	9	1	0	0	1	0	1	0	
696	56	950	9	0	0	1	1	0	0	1	
697	24	955	6	1	0	1	0	0	0	1	
698	25	700	10	0	0	0	0	1	1	0	
699	33	980	5	0	1	1	0	0	0	0	
700	1	765	10	0	1	0	0	1	0	1	
701	25	935	9	1	0	0	1	0	1	0	
702	119	765	9	0	1	0	0	1	0	1	
703	127	435	9	0	1	0	1	0	0	0	
704	200	795	6	1	0	0	0	1	0	1	
705	56	950	9	0	0	1	1	0	0	1	
706	165	800	9	1	0	0	1	0	0	0	
707	1	945	8	0	1	0	0	1	1	0	
708	219	725	6	1	0	0	0	0	1	1	
709	150	725	7	0	0	0	0	0	1	0	
710	219	725	6	1	0	0	0	0	1	1	
711	165	800	9	1	0	0	1	0	0	0	
712	200	795	6	1	0	0	0	1	0	1	
713	1	925	10	0	1	0	0	1	0	1	
714	256	760	5	1	0	0	0	0	0	0	
715	50	865	8	1	0	0	0	0	0	1	
716	238	635	6	0	0	1	0	1	0	1	
717	25	700	10	0	0	0	0	1	1	0	
718	198	845	7	0	1	0	1	0	1	0	
719	56	950	9	0	0	1	1	0	0	1	
720	227	680	9	0	0	0	1	0	1	0	
721	263	505	5	0	1	0	0	1	0	1	
722	198	845	7	0	1	0	1	0	1	0	
723	165	800	9	1	0	0	1	0	0	0	
724	17	510	8	1	0	1	0	0	0	0	
725	219	725	6	1	0	0	0	0	1	1	
726	24	955	6	1	0	1	0	0	0	1	
727	211	295	8	0	1	1	0	1	0	0	
728	1	945	8	0	1	0	0	1	1	0	
729	17	510	8	1	0	1	0	0	0	0	
730	219	725	6	1	0	0	0	0	1	1	
731	200	795	6	1	0	0	0	1	0	1	
732	119	765	9	0	1	0	0	1	0	1	
733	165	800	9	1	0	0	1	0	0	0	
734	56	950	9	0	0	1	1	0	0	1	
735	33	980	5	0	1	1	0	0	0	0	
736	219	725	6	1	0	0	0	0	1	1	
737	33	980	5	0	1	1	0	0	0	0	
738	154	620	10	0	1	0	0	0	1	0	
739	119	765	9	0	1	0	0	1	0	1	
740	1	945	8	0	1	0	0	1	1	0	
741	200	795	6	1	0	0	0	1	0	1	
742	87	275	7	0	1	0	0	1	1	0	
743	33	980	5	0	1	1	0	0	0	0	
744	130	570	10	0	0	0	1	1	0	1	
745	56	950	9	0	0	1	1	0	0	1	
746	1	850	10	1	0	0	0	0	1	0	
747	33	980	5	0	1	1	0	0	0	0	
748	25	700	10	0	0	0	0	1	1	0	
749	1	590	8	1	0	0	0	0	0	0	
750	1	945	8	0	1	0	0	1	1	0	
751	200	795	6	1	0	0	0	1	0	1	
752	56	950	9	0	0	1	1	0	0	1	
753	22	560	9	0	1	1	1	0	0	0	
754	200	795	6	1	0	0	0	1	0	1	
755	119	765	9	0	1	0	0	1	0	1	
756	25	700	10	0	0	0	0	1	1	0	
757	24	955	6	1	0	1	0	0	0	1	
758	33	980	5	0	1	1	0	0	0	0	
759	24	955	6	1	0	1	0	0	0	1	
760	1	610	10	0	0	1	1	0	0	1	
761	63	515	9	0	0	0	1	1	1	0	
762	17	510	8	1	0	1	0	0	0	0	
763	119	765	9	0	1	0	0	1	0	1	
764	238	635	6	0	0	1	0	1	0	1	
765	56	950	9	0	0	1	1	0	0	1	
766	33	980	5	0	1	1	0	0	0	0	
767	56	950	9	0	0	1	1	0	0	1	
768	219	725	6	1	0	0	0	0	1	1	
769	56	950	9	0	0	1	1	0	0	1	
770	119	765	9	0	1	0	0	1	0	1	
771	1	765	10	0	1	0	0	1	0	1	
772	258	670	10	1	0	0	0	1	0	0	
773	219	725	6	1	0	0	0	0	1	1	
774	56	760	8	1	0	0	1	0	0	0	
775	31	500	10	1	0	0	0	0	0	0	
776	219	725	6	1	0	0	0	0	1	1	
777	273	990	7	0	1	0	0	0	0	0	
778	25	935	9	1	0	0	1	0	1	0	
779	263	505	5	0	1	0	0	1	0	1	
780	200	795	6	1	0	0	0	1	0	1	
781	33	980	5	0	1	1	0	0	0	0	
782	56	950	9	0	0	1	1	0	0	1	
783	33	980	5	0	1	1	0	0	0	0	
784	119	765	9	0	1	0	0	1	0	1	
785	1	945	8	0	1	0	0	1	1	0	
786	238	635	6	0	0	1	0	1	0	1	
787	119	765	9	0	1	0	0	1	0	1	
788	263	505	5	0	1	0	0	1	0	1	
789	24	955	6	1	0	1	0	0	0	1	
790	33	980	5	0	1	1	0	0	0	0	
791	1	945	8	0	1	0	0	1	1	0	
792	198	845	7	0	1	0	1	0	1	0	
793	119	765	9	0	1	0	0	1	0	1	
794	119	765	9	0	1	0	0	1	0	1	
795	219	725	6	1	0	0	0	0	1	1	
796	50	865	8	1	0	0	0	0	0	1	
797	25	700	10	0	0	0	0	1	1	0	
798	263	505	5	0	1	0	0	1	0	1	
799	119	765	9	0	1	0	0	1	0	1	
800	56	950	9	0	0	1	1	0	0	1	
801	1	850	10	1	0	0	0	0	1	0	
802	33	980	5	0	1	1	0	0	0	0	
803	56	760	8	1	0	0	1	0	0	0	
804	56	760	8	1	0	0	1	0	0	0	
805	219	725	6	1	0	0	0	0	1	1	
806	119	765	9	0	1	0	0	1	0	1	
807	56	950	9	0	0	1	1	0	0	1	
808	1	490	7	0	0	0	1	1	0	0	
809	198	845	7	0	1	0	1	0	1	0	
810	219	725	6	1	0	0	0	0	1	1	
811	263	505	5	0	1	0	0	1	0	1	
812	1	850	10	1	0	0	0	0	1	0	
813	1	945	8	0	1	0	0	1	1	0	
814	24	955	6	1	0	1	0	0	0	1	
815	200	795	6	1	0	0	0	1	0	1	
816	56	950	9	0	0	1	1	0	0	1	
817	219	725	6	1	0	0	0	0	1	1	
818	119	765	9	0	1	0	0	1	0	1	
819	33	980	5	0	1	1	0	0	0	0	
820	130	570	10	0	0	0	1	1	0	1	
821	63	515	9	0	0	0	1	1	1	0	
822	1	690	8	0	0	1	0	0	0	0	
823	115	645	6	0	0	0	0	1	1	1	
824	33	980	5	0	1	1	0	0	0	0	
825	198	845	7	0	1	0	1	0	1	0	
826	56	950	9	0	0	1	1	0	0	1	
827	200	795	6	1	0	0	0	1	0	1	
828	198	845	7	0	1	0	1	0	1	0	
829	119	765	9	0	1	0	0	1	0	1	
830	200	795	6	1	0	0	0	1	0	1	
831	200	795	6	1	0	0	0	1	0	1	
832	56	950	9	0	0	1	1	0	0	1	
833	165	800	9	1	0	0	1	0	0	0	
834	1	765	10	0	1	0	0	1	0	1	
835	219	725	6	1	0	0	0	0	1	1	
836	163	810	6	0	0	1	0	0	0	0	
837	177	740	9	1	0	0	1	0	1	0	
838	1	945	8	0	1	0	0	1	1	0	
839	200	795	6	1	0	0	0	1	0	1	
840	1	945	8	0	1	0	0	1	1	0	
841	25	935	9	1	0	0	1	0	1	0	
842	24	955	6	1	0	1	0	0	0	1	
843	1	945	8	0	1	0	0	1	1	0	
844	30	750	9	0	0	0	0	1	0	1	
845	1	945	8	0	1	0	0	1	1	0	
846	1	945	8	0	1	0	0	1	1	0	
847	165	800	9	1	0	0	1	0	0	0	
848	263	505	5	0	1	0	0	1	0	1	
849	56	950	9	0	0	1	1	0	0	1	
850	257	900	7	0	0	1	0	0	0	0	
851	56	950	9	0	0	1	1	0	0	1	
852	211	295	8	0	1	1	0	1	0	0	
853	198	845	7	0	1	0	1	0	1	0	
854	33	980	5	0	1	1	0	0	0	0	
855	200	795	6	1	0	0	0	1	0	1	
856	219	725	6	1	0	0	0	0	1	1	
857	56	950	9	0	0	1	1	0	0	1	
858	200	795	6	1	0	0	0	1	0	1	
859	200	795	6	1	0	0	0	1	0	1	
860	25	700	10	0	0	0	0	1	1	0	
861	198	845	7	0	1	0	1	0	1	0	
862	25	700	10	0	0	0	0	1	1	0	
863	1	945	8	0	1	0	0	1	1	0	
864	1	550	9	0	0	1	0	0	1	1	
865	33	980	5	0	1	1	0	0	0	0	
866	33	980	5	0	1	1	0	0	0	0	
867	200	795	6	1	0	0	0	1	0	1	
868	24	955	6	1	0	1	0	0	0	1	
869	219	725	6	1	0	0	0	0	1	1	
870	200	795	6	1	0	0	0	1	0	1	
871	119	765	9	0	1	0	0	1	0	1	
872	198	845	7	0	1	0	1	0	1	0	
873	1	945	8	0	1	0	0	1	1	0	
874	200	795	6	1	0	0	0	1	0	1	
875	266	250	10	0	0	0	1	0	1	1	

