DATASET = ORTEC Early VeRoLog 2019 - easy
NAME = Instance 1 easy

TRUCK_DISTANCE = 55610
NUMBER_OF_TRUCK_DAYS = 150
NUMBER_OF_TRUCKS_USED = 150
TECHNICIAN_DISTANCE = 568420
NUMBER_OF_TECHNICIAN_DAYS = 150
NUMBER_OF_TECHNICIANS_USED = 150
IDLE_MACHINE_COSTS = 0
TOTAL_COST = 1268267624

DAY = 1
NUMBER_OF_TRUCKS = 150
1 1
2 2
3 3
4 4
5 5
6 6
7 7
8 8
9 9
10 10
11 11
12 12
13 13
14 14
15 15
16 16
17 17
18 18
19 19
20 20
21 21
22 22
23 23
24 24
25 25
26 26
27 27
28 28
29 29
30 30
31 31
32 32
33 33
34 34
35 35
36 36
37 37
38 38
39 39
40 40
41 41
42 42
43 43
44 44
45 45
46 46
47 47
48 48
49 49
50 50
51 51
52 52
53 53
54 54
55 55
56 56
57 57
58 58
59 59
60 60
61 61
62 62
63 63
64 64
65 65
66 66
67 67
68 68
69 69
70 70
71 71
72 72
73 73
74 74
75 75
76 76
77 77
78 78
79 79
80 80
81 81
82 82
83 83
84 84
85 85
86 86
87 87
88 88
89 89
90 90
91 91
92 92
93 93
94 94
95 95
96 96
97 97
98 98
99 99
100 100
101 101
102 102
103 103
104 104
105 105
106 106
107 107
108 108
109 109
110 110
111 111
112 112
113 113
114 114
115 115
116 116
117 117
118 118
119 119
120 120
121 121
122 122
123 123
124 124
125 125
126 126
127 127
128 128
129 129
130 130
131 131
132 132
133 133
134 134
135 135
136 136
137 137
138 138
139 139
140 140
141 141
142 142
143 143
144 144
145 145
146 146
147 147
148 148
149 149
150 150
NUMBER_OF_TECHNICIANS = 0
DAY = 2
NUMBER_OF_TRUCKS = 0
NUMBER_OF_TECHNICIANS = 150
2 1
1 2
3 3
4 4
11 5
12 6
9 7
8 8
14 9
5 10
13 11
10 12
17 13
6 14
19 15
20 16
26 17
16 18
23 19
22 20
25 21
28 22
39 23
24 24
29 25
15 26
30 27
41 28
21 29
27 30
32 31
49 32
35 33
31 34
18 35
36 36
33 37
40 38
42 39
43 40
37 41
38 42
34 43
45 44
46 45
44 46
47 47
48 48
50 49
53 50
51 51
7 52
57 53
54 54
56 55
52 56
61 57
58 58
59 59
55 60
62 61
63 62
88 63
64 64
65 65
66 66
67 67
68 68
73 69
60 70
70 71
71 72
72 73
74 74
76 75
69 76
82 77
79 78
75 79
77 80
78 81
80 82
81 83
84 84
83 85
85 86
86 87
92 88
93 89
94 90
95 91
96 92
87 93
97 94
89 95
98 96
90 97
91 98
100 99
101 100
102 101
99 102
103 103
104 104
105 105
107 106
106 107
109 108
108 109
110 110
111 111
118 112
116 113
112 114
113 115
114 116
115 117
117 118
121 119
119 120
120 121
122 122
123 123
125 124
124 125
128 126
129 127
126 128
130 129
131 130
135 131
127 132
136 133
138 134
137 135
139 136
132 137
140 138
141 139
133 140
134 141
142 142
143 143
145 144
144 145
146 146
149 147
147 148
148 149
150 150
DAY = 3
NUMBER_OF_TRUCKS = 0
NUMBER_OF_TECHNICIANS = 0
DAY = 4
NUMBER_OF_TRUCKS = 0
NUMBER_OF_TECHNICIANS = 0
DAY = 5
NUMBER_OF_TRUCKS = 0
NUMBER_OF_TECHNICIANS = 0
DAY = 6
NUMBER_OF_TRUCKS = 0
NUMBER_OF_TECHNICIANS = 0
DAY = 7
NUMBER_OF_TRUCKS = 0
NUMBER_OF_TECHNICIANS = 0
DAY = 8
NUMBER_OF_TRUCKS = 0
NUMBER_OF_TECHNICIANS = 0
DAY = 9
NUMBER_OF_TRUCKS = 0
NUMBER_OF_TECHNICIANS = 0
DAY = 10
NUMBER_OF_TRUCKS = 0
NUMBER_OF_TECHNICIANS = 0
DAY = 11
NUMBER_OF_TRUCKS = 0
NUMBER_OF_TECHNICIANS = 0
DAY = 12
NUMBER_OF_TRUCKS = 0
NUMBER_OF_TECHNICIANS = 0
DAY = 13
NUMBER_OF_TRUCKS = 0
NUMBER_OF_TECHNICIANS = 0
DAY = 14
NUMBER_OF_TRUCKS = 0
NUMBER_OF_TECHNICIANS = 0
DAY = 15
NUMBER_OF_TRUCKS = 0
NUMBER_OF_TECHNICIANS = 0
